Name,NumberOfLinesAdded,NumberOfLinesRemoved,ChangedByNCommitsInCurrentVersion,ChangedByNCommitsInCurrentVersionAndPreviousVersions,BugsFixedInNCommits,AuthorsInCurrentVersion,AuthorsInCurrentAndPreviousVersions,AuthorsAvgExpertise,AuthorsMinExpertise,AvgCommitTimeForCurrentVersion,AvgCommitTimeForCurrentVersionAndPreviousVersions,ChangedComments,UnchangedComments
OrcProto.java,884,0,2,22,0,2,22,172,97,392,76,48,0
TestVectorOrcFile.java,7,0,2,11,1,2,11,97,97,63,62,0,2
TestOrcTimezone1.java,0,0,1,5,0,1,5,97,97,0,211,0,1
TestColumnStatistics.java,0,0,2,12,0,2,12,82,67,194,89,0,2
TestOrcTimezone2.java,0,0,1,4,0,1,4,97,97,0,282,0,1
TestOrcNullOptimization.java,0,0,1,10,0,1,10,97,97,0,164,0,1
TestOrcTimezone3.java,124,0,2,2,0,2,2,172,97,333,333,0,1
TestTypeDescription.java,22,0,2,8,0,2,8,97,97,368,97,0,1
TestNewIntegerEncoding.java,0,0,1,15,0,1,15,97,97,0,102,0,1
TestUnrolledBitPack.java,0,0,1,5,0,1,5,97,97,0,281,0,1
TestStringDictionary.java,1,0,1,4,0,1,4,97,97,0,349,0,1
TestInStream.java,0,0,1,7,0,1,7,97,97,0,265,0,1
TestSchemaEvolution.java,480,0,5,5,0,5,5,137,67,90,90,0,2
TestOrcWideTable.java,0,0,2,6,0,2,6,330,97,222,224,0,2
TestRunLengthIntegerReader.java,0,0,1,6,0,1,6,97,97,0,319,0,1
TestRunLengthByteReader.java,0,0,1,6,0,1,6,97,97,0,319,0,1
TestOutStream.java,0,0,1,2,0,1,2,97,97,0,494,0,1
TestDynamicArray.java,0,2,1,3,0,1,3,97,97,0,798,0,1
TestZlib.java,0,0,1,3,0,1,3,97,97,0,798,0,1
TestRecordReaderImpl.java,17,0,3,32,0,3,32,115,2,86,46,18,2
TestBitFieldReader.java,0,0,1,6,0,1,6,97,97,0,319,0,1
TestColumnStatisticsImpl.java,0,0,1,2,0,1,2,97,97,0,944,0,1
TestRLEv2.java,0,0,1,3,0,1,3,97,97,0,296,0,1
TestMemoryManager.java,0,1,1,6,0,1,6,97,97,0,310,0,1
TestIntegerCompressionReader.java,0,0,1,10,0,1,10,97,97,0,159,0,1
TestStringRedBlackTree.java,0,2,1,6,0,1,6,97,97,0,319,0,1
TestDataReaderProperties.java,0,1,1,4,0,1,4,97,97,0,152,0,1
TestSerializationUtils.java,0,2,1,9,0,1,9,97,97,0,199,0,1
TestStreamName.java,0,0,1,4,0,1,4,97,97,0,531,0,1
TestReaderImpl.java,0,0,1,3,0,1,3,97,97,0,244,0,1
TestBitPack.java,0,0,1,7,0,1,7,97,97,0,239,0,1
TestFileDump.java,0,1,1,19,0,1,19,97,97,0,88,0,1
TestJsonFileDump.java,0,0,1,4,0,1,4,97,97,0,267,0,1
DoubleColumnStatistics.java,0,2,1,3,0,1,3,97,97,0,798,0,1
BinaryColumnStatistics.java,0,2,1,3,0,1,3,97,97,0,693,0,1
ColumnStatistics.java,0,0,1,24,0,1,24,97,97,0,74,0,1
DataReader.java,0,0,1,6,0,1,6,97,97,0,144,0,1
FileMetadata.java,0,4,1,5,0,1,5,97,97,0,216,0,1
StripeStatistics.java,0,0,1,3,0,1,3,97,97,0,674,0,1
StripeInformation.java,0,0,1,4,0,1,4,97,97,0,532,0,1
StringColumnStatistics.java,0,2,1,4,0,1,4,97,97,0,532,0,1
OrcConf.java,0,0,1,6,0,1,6,97,97,0,148,0,1
BooleanColumnStatistics.java,0,2,1,3,0,1,3,97,97,0,798,0,1
FileFormatException.java,0,0,1,3,0,1,3,97,97,0,376,0,1
BloomFilterIO.java,0,0,1,4,0,1,4,97,97,0,270,0,1
OrcUtils.java,93,0,3,13,0,3,13,302,97,196,74,0,2
OrcFile.java,6,0,5,56,1,5,56,172,97,98,29,6,2
CompressionKind.java,0,0,2,5,0,2,5,97,97,48,398,0,2
Writer.java,0,0,2,11,0,2,11,97,97,48,159,0,2
TypeDescription.java,264,0,3,12,0,3,12,97,97,184,62,13,1
DateColumnStatistics.java,0,2,1,4,0,1,4,97,97,0,483,0,1
Reader.java,51,0,6,48,0,6,48,302,97,78,33,22,3
IntegerColumnStatistics.java,0,2,1,3,0,1,3,97,97,0,798,0,1
TimestampColumnStatistics.java,0,0,1,4,0,1,4,97,97,0,352,0,1
DecimalColumnStatistics.java,0,1,1,3,0,1,3,97,97,0,780,0,1
RecordReader.java,0,0,2,26,0,2,26,97,97,48,115,0,2
CompressionCodec.java,0,0,1,7,0,1,7,97,97,0,265,0,1
DirectDecompressionCodec.java,0,0,1,3,0,1,3,97,97,0,619,0,1
PositionProvider.java,0,0,1,5,0,1,5,97,97,0,398,0,1
IntegerWriter.java,0,0,1,5,0,1,5,97,97,0,359,0,1
HadoopShims.java,21,0,5,114,0,5,114,201,2,101,25,11,3
WriterImpl.java,22,0,9,80,0,9,80,242,67,27,20,81,6
MemoryManager.java,1,0,2,17,0,2,17,330,97,369,96,2,0
HadoopShims_2_2.java,0,0,1,3,0,1,3,97,97,0,312,0,1
SerializationUtils.java,0,0,1,13,0,1,13,97,97,0,132,0,1
OutStream.java,0,0,1,9,0,1,9,97,97,0,199,0,1
BitFieldWriter.java,0,4,1,3,0,1,3,97,97,0,798,0,1
DynamicIntArray.java,0,0,1,4,0,1,4,97,97,0,532,0,1
RunLengthByteReader.java,0,0,1,14,0,1,14,97,97,0,122,0,1
OrcIndex.java,0,0,1,2,0,1,2,97,97,0,624,0,1
StreamName.java,0,0,1,5,0,1,5,97,97,0,398,0,1
StringRedBlackTree.java,0,3,1,7,0,1,7,97,97,0,266,0,1
ColumnStatisticsImpl.java,4,0,2,22,0,2,22,82,67,194,75,2,2
ZlibCodec.java,0,1,1,6,0,1,6,97,97,0,319,0,1
PositionRecorder.java,0,0,1,3,0,1,3,97,97,0,798,0,1
PhysicalWriter.java,122,0,3,3,0,3,3,330,97,110,110,74,2
RecordReaderImpl.java,0,0,7,160,0,7,160,243,67,59,10,13,4
SnappyCodec.java,0,0,1,5,0,1,5,97,97,0,398,0,1
DynamicByteArray.java,0,0,1,7,0,1,7,97,97,0,265,0,1
RunLengthIntegerReaderV2.java,0,0,1,18,0,1,18,97,97,0,84,0,1
IntegerReader.java,0,0,1,13,0,1,13,97,97,0,119,0,1
SettableUncompressedStream.java,0,1,1,10,0,1,10,97,97,0,96,0,1
RunLengthIntegerWriter.java,0,0,1,7,0,1,7,97,97,0,266,0,1
OrcAcidUtils.java,3,0,2,3,0,2,3,122,97,228,212,0,2
SchemaEvolution.java,209,0,6,13,0,6,13,137,67,79,51,20,1
ReaderImpl.java,0,0,9,82,0,9,82,302,97,49,19,2,4
ConvertTreeReaderFactory.java,52,0,8,10,0,8,10,243,67,56,49,7,2
OrcTail.java,138,0,3,3,0,3,3,302,97,196,196,0,2
RunLengthByteWriter.java,0,0,1,3,0,1,3,97,97,0,798,0,1
InStream.java,0,0,1,59,0,1,59,97,97,0,27,0,1
DataReaderProperties.java,0,2,1,4,0,1,4,97,97,0,152,0,1
PositionedOutputStream.java,0,0,1,4,0,1,4,97,97,0,532,0,1
BitFieldReader.java,0,3,1,14,0,1,14,97,97,0,122,0,1
BufferChunk.java,0,0,1,2,0,1,2,97,97,0,624,0,1
HadoopShimsCurrent.java,0,0,1,3,0,1,3,97,97,0,312,0,1
AcidStats.java,0,0,1,2,0,1,2,97,97,0,423,0,1
ZeroCopyShims.java,0,0,1,4,0,1,4,97,97,0,419,0,1
RecordReaderUtils.java,0,0,2,30,0,2,30,330,97,222,30,0,2
RunLengthIntegerWriterV2.java,0,0,1,13,0,1,13,97,97,0,119,0,1
RunLengthIntegerReader.java,0,0,1,17,0,1,17,97,97,0,99,0,1
TreeReaderFactory.java,69,0,10,31,0,10,31,243,67,44,27,3,5
RedBlackTree.java,0,2,1,4,0,1,4,97,97,0,532,0,1
PhysicalFsWriter.java,529,0,2,2,0,2,2,330,97,222,222,66,1
JsonFileDump.java,0,1,1,10,0,1,10,97,97,0,89,0,1
FileDump.java,0,0,1,40,0,1,40,97,97,0,40,0,1
GenVectorCode.java,101,0,3,33,0,3,33,215,215,8,38,3,1
MiniLlapCluster.java,0,0,2,20,1,2,20,404,246,69,37,0,2
TestLowLevelCacheImpl.java,39,0,2,24,0,2,24,563,563,186,31,1,0
TestOrcMetadataCache.java,5,0,1,10,0,1,10,563,563,0,54,0,0
TestBuddyAllocator.java,0,0,1,18,0,1,18,563,563,0,31,0,0
TestLowLevelLrfuCachePolicy.java,49,0,1,14,0,1,14,563,563,0,42,0,0
TestIncrementalObjectSizeEstimator.java,0,0,1,10,0,1,10,97,97,0,89,0,1
TestLlapSignerImpl.java,17,0,3,4,0,3,4,282,1,121,83,4,1
TestTaskExecutorService.java,53,0,2,21,0,2,21,194,141,3,33,8,1
TaskExecutorTestHelpers.java,36,0,9,19,0,9,19,317,141,33,31,0,9
TestEvictingPriorityBlockingQueue.java,128,0,1,1,0,1,1,141,141,0,0,26,0
TestLlapTokenChecker.java,0,0,1,3,0,1,3,563,563,0,42,0,0
TestLlapDaemonProtocolServerImpl.java,0,1,3,16,0,3,16,352,141,74,43,0,3
TestLlapWebServices.java,69,0,1,1,0,1,1,2,2,0,0,12,0
TestShortestJobFirstComparator.java,53,0,4,5,0,4,5,194,141,64,134,4,2
TestFirstInFirstOutComparator.java,13,0,4,9,0,4,9,141,141,76,66,1,3
IncrementalObjectSizeEstimator.java,0,0,1,7,0,1,7,563,563,0,112,0,1
LlapDaemonConfiguration.java,0,0,1,10,0,1,10,6,6,0,89,0,1
LlapServiceDriver.java,135,0,11,47,1,11,47,449,86,36,18,58,5
LlapStatusServiceDriver.java,231,0,7,10,1,7,10,317,141,38,33,36,3
LlapStatusOptionsProcessor.java,83,0,3,5,1,3,5,194,141,108,72,0,2
LlapOptionsProcessor.java,36,0,3,20,0,3,20,352,141,58,32,2,2
ShuffleHandler.java,0,0,1,13,0,1,13,563,563,0,56,0,1
SchedulerFragmentCompletingListener.java,29,0,1,1,0,1,1,141,141,0,0,16,0
EvictionDispatcher.java,11,0,3,5,0,3,5,563,563,74,172,2,1
LowLevelCache.java,3,0,1,20,0,1,20,563,563,0,31,0,0
SimpleAllocator.java,1,0,1,2,0,1,2,563,563,0,236,0,0
LowLevelCacheImpl.java,0,70,5,43,0,5,43,330,97,75,20,23,2
LowLevelLrfuCachePolicy.java,88,0,3,24,0,3,24,563,563,129,35,0,2
FileCacheCleanupThread.java,104,0,1,1,0,1,1,563,563,0,0,23,0
SerDeLowLevelCacheImpl.java,734,0,4,4,0,4,4,330,97,43,43,90,1
LlapDataBuffer.java,7,0,1,7,0,1,7,563,563,0,114,0,1
LowLevelCacheMemoryManager.java,0,7,2,17,0,2,17,563,563,258,47,0,1
SimpleBufferManager.java,29,0,1,3,0,1,3,563,563,0,118,0,0
LowLevelCachePolicy.java,2,0,1,8,0,1,8,563,563,0,78,0,0
FileCache.java,107,0,1,1,0,1,1,563,563,0,0,26,0
LowLevelFifoCachePolicy.java,14,0,2,13,0,2,13,563,563,258,67,0,1
BuddyAllocator.java,4,0,4,30,0,4,30,218,6,95,28,3,1
LlapUgiFactoryFactory.java,67,0,1,1,0,1,1,563,563,0,0,17,0
QueryFragmentCounters.java,4,0,1,7,0,1,7,246,246,0,82,0,1
LlapDaemonExecutorInfo.java,8,0,1,7,0,1,7,141,141,0,117,0,1
LlapDaemonExecutorMetrics.java,62,0,1,8,0,1,8,141,141,0,100,0,1
LlapWrappedAppender.java,222,0,1,1,0,1,1,141,141,0,0,26,0
Log4jQueryCompleteMarker.java,69,0,1,1,0,1,1,141,141,0,0,15,0
LlapRoutingAppenderPurgePolicy.java,128,0,1,1,0,1,1,141,141,0,0,27,0
OrcFileMetadata.java,12,0,3,12,0,3,12,330,97,90,76,0,3
OrcFileEstimateErrors.java,4,0,1,2,0,1,2,563,563,0,97,0,0
ConsumerStripeMetadata.java,35,0,2,2,0,2,2,330,97,131,131,17,1
OrcStripeMetadata.java,28,0,4,23,0,4,23,302,97,94,38,1,2
OrcMetadataCache.java,0,0,1,18,0,1,18,563,563,0,43,0,1
ConsumerFileMetadata.java,31,0,2,2,0,2,2,330,97,131,131,17,1
OrcEncodedDataReader.java,26,0,11,64,0,11,64,186,6,34,13,14,4
PassThruOffsetReader.java,66,0,2,2,0,2,2,330,97,183,183,16,1
VertorDeserializeOrcWriter.java,459,0,2,2,0,2,2,563,563,11,11,43,0
LineRrOffsetReader.java,86,0,2,2,0,2,2,330,97,183,183,16,1
SerDeEncodedDataReader.java,1673,0,4,4,0,4,4,330,97,43,43,168,1
ReadPipeline.java,4,0,4,5,0,4,5,302,97,101,204,0,3
OrcColumnVectorProducer.java,11,0,7,36,0,7,36,228,6,50,25,2,3
GenericColumnVectorProducer.java,208,0,3,3,0,3,3,330,97,66,66,20,2
EncodedDataConsumer.java,17,0,2,16,0,2,16,330,97,131,54,2,1
ColumnVectorProducer.java,11,0,4,20,0,4,20,302,97,101,46,0,3
OrcEncodedDataConsumer.java,113,0,9,37,0,9,37,302,97,42,22,18,3
LlapIoImpl.java,52,0,6,39,0,6,39,404,246,58,21,3,3
LlapInputFormat.java,0,151,9,54,0,9,54,243,67,42,18,28,4
LlapRecordReader.java,354,0,5,8,0,5,8,330,97,32,66,31,3
QueryIdentifier.java,8,0,1,2,0,1,2,141,141,0,178,8,0
ContainerRunnerImpl.java,83,0,15,56,0,15,56,317,141,22,14,8,13
LlapDaemon.java,73,0,16,87,1,16,87,203,19,20,9,3,11
TaskExecutorService.java,144,0,4,35,0,4,35,317,141,36,21,18,1
QueryInfo.java,52,0,4,12,0,4,12,194,141,74,59,1,3
LlapTokenChecker.java,19,0,4,7,0,4,7,563,563,63,43,0,2
LlapProtocolServerImpl.java,0,1,1,8,0,1,8,563,563,0,19,0,1
LlapTaskReporter.java,45,0,4,12,0,4,12,317,141,80,60,3,1
StatsRecordingThreadPool.java,230,0,2,2,0,2,2,246,246,2,2,43,0
LlapConstants.java,32,0,2,2,0,2,2,141,141,2,2,14,1
QueryTracker.java,60,0,7,22,0,7,22,194,141,42,31,24,1
TaskRunnerCallable.java,31,0,9,49,0,9,49,240,9,33,14,9,7
AMReporter.java,50,0,5,19,0,5,19,242,19,21,38,22,2
EvictingPriorityBlockingQueue.java,51,0,2,8,0,2,8,141,141,26,90,7,1
Scheduler.java,2,0,1,6,0,1,6,563,563,0,144,0,1
LlapDaemonMXBean.java,6,0,1,4,0,1,4,563,563,0,255,4,0
PriorityBlockingDeque.java,6,0,2,3,0,2,3,141,141,26,316,2,1
LlapWebServices.java,2,0,2,13,0,2,13,563,563,115,49,0,2
ShortestJobFirstComparator.java,1,0,2,3,0,2,3,194,141,3,268,1,1
FirstInFirstOutComparator.java,0,4,1,2,0,1,2,141,141,0,535,0,1
HiveHFileOutputFormat.java,7,0,1,11,0,1,11,1,1,0,241,0,1
HiveHBaseTableInputFormat.java,3,0,1,34,0,1,34,27,27,0,72,0,0
Constants.java,14,0,5,44,0,5,44,88,4,90,75,35,2
Context.java,135,0,7,69,0,7,69,374,19,37,45,52,2
HiveBaseResultSet.java,0,0,1,26,0,1,26,9,9,0,95,0,1
HiveConnection.java,0,13,3,87,0,3,87,50,4,124,34,0,1
Utils.java,0,0,6,72,0,6,72,243,79,46,35,0,4
HiveStatement.java,15,0,2,45,0,2,45,42,4,254,66,6,0
InPlaceUpdateStream.java,31,0,2,2,0,2,2,50,4,196,196,16,1
CliDriver.java,45,0,2,105,0,2,105,198,149,126,29,9,1
TestSlotZnode.java,274,0,2,2,0,2,2,563,563,53,53,23,1
LlapInputSplit.java,34,0,2,12,0,2,12,563,563,1,9,0,2
SubmitWorkInfo.java,32,0,1,5,0,1,5,563,563,0,26,0,1
LlapRowRecordReader.java,1,0,1,4,0,1,4,215,215,0,27,0,1
LlapBaseRecordReader.java,33,0,2,6,0,2,6,389,215,15,15,2,1
LlapCoordinator.java,164,0,2,2,0,2,2,563,563,5,5,46,0
LlapTaskUmbilicalExternalClient.java,18,0,6,17,0,6,17,306,141,36,18,4,4
LlapTokenLocalClientImpl.java,61,0,1,1,0,1,1,563,563,0,0,0,1
LlapTokenClient.java,0,0,1,2,0,1,2,563,563,0,93,0,1
LlapProtocolClientProxy.java,6,0,1,4,0,1,4,563,563,0,63,1,0
ServiceInstance.java,0,7,1,7,1,1,7,246,246,0,99,5,0
ServiceInstanceSet.java,5,0,4,9,1,4,9,404,246,52,82,9,2
ServiceRegistry.java,0,5,2,6,0,2,6,563,563,0,133,19,0
LlapTaskUmbilicalServer.java,22,0,1,4,0,1,4,215,215,0,46,0,1
LlapProxy.java,0,6,1,4,0,1,4,563,563,0,60,0,1
LlapIo.java,1,0,1,4,0,1,4,563,563,0,248,0,1
LlapZookeeperRegistryImpl.java,188,0,14,32,1,14,32,237,19,18,11,24,4
LlapFixedRegistryImpl.java,2,0,5,20,1,5,20,404,246,39,35,0,5
LlapRegistryService.java,11,0,3,18,0,3,18,404,246,7,41,2,1
SlotZnode.java,334,0,1,1,0,1,1,563,563,0,0,26,0
InactiveServiceInstance.java,72,0,2,2,1,2,2,404,246,73,73,12,1
VerifyFast.java,0,0,2,7,0,2,7,67,67,113,105,0,2
SerdeRandomRowSource.java,423,0,1,1,0,1,1,67,67,0,0,0,0
MyTestPrimitiveClass.java,0,8,1,4,0,1,4,67,67,0,210,2,0
TestBinarySortableFast.java,34,0,4,9,0,4,9,67,67,46,79,0,3
TestLazyBinaryFast.java,0,28,3,6,0,3,6,67,67,12,104,0,2
TestLazySimpleFast.java,0,19,3,7,0,3,7,67,67,12,86,0,2
TestAvroDeserializer.java,2,0,1,10,0,1,10,56,56,0,168,0,0
TestAvroSerdeUtils.java,20,0,1,6,0,1,6,56,56,0,303,0,0
TestAvroSerializer.java,4,0,1,9,0,1,9,67,67,0,209,1,0
TestTimestampWritable.java,11,0,2,9,1,2,9,68,38,270,173,9,0
TestPrimitiveObjectInspectorUtils.java,6,0,1,6,0,1,6,215,215,0,236,0,1
WriteBuffers.java,5,0,1,17,0,1,17,563,563,0,50,0,0
SerDeUtils.java,11,0,1,48,0,1,48,563,563,0,62,0,1
BinarySortableSerDe.java,102,0,1,34,0,1,34,67,67,0,82,58,0
LazyBinarySerDe.java,50,0,1,30,0,1,30,67,67,0,93,24,0
LazyBinaryHiveDecimal.java,0,2,1,4,0,1,4,67,67,0,455,0,1
SerializeWrite.java,5,0,2,6,0,2,6,67,67,138,126,3,0
DeserializeRead.java,61,0,3,6,0,3,6,67,67,12,103,72,0
LazyUtils.java,12,0,1,41,0,1,41,67,67,0,69,8,0
LazyHiveDecimal.java,30,0,1,8,0,1,8,67,67,0,195,14,0
AvroDeserializer.java,18,0,1,22,0,1,22,56,56,0,72,0,0
AvroSerdeUtils.java,26,0,2,15,0,2,15,62,56,162,119,2,0
TimestampWritable.java,0,11,2,17,1,2,17,68,38,270,131,0,2
TypeInfoUtils.java,4,0,2,37,0,2,37,162,79,8,79,3,0
HiveDecimalUtils.java,1,0,1,9,0,1,9,67,67,0,145,0,1
ColumnBuffer.java,5,0,1,2,0,1,2,95,95,0,102,0,0
ObjectInspectorUtils.java,2,0,1,66,0,1,66,67,67,0,46,2,0
StandardStructObjectInspector.java,10,0,1,13,1,1,13,188,188,0,246,0,1
BinarySortableDeserializeRead.java,67,0,4,8,0,4,8,67,67,46,90,61,0
BinarySortableSerializeWrite.java,24,0,1,9,0,1,9,67,67,0,78,4,0
LazyBinarySerializeWrite.java,44,0,1,7,0,1,7,67,67,0,105,8,0
LazyBinaryDeserializeRead.java,30,0,4,10,0,4,10,67,67,46,70,46,1
LazySimpleDeserializeRead.java,135,0,6,13,0,6,13,67,67,34,55,104,1
LazySimpleSerializeWrite.java,22,0,1,7,0,1,7,67,67,0,105,3,0
LazyHiveDecimalObjectInspector.java,5,0,1,4,0,1,4,67,67,0,455,1,0
WritableConstantHiveDecimalObjectInspector.java,0,1,1,6,0,1,6,67,67,0,273,3,0
PrimitiveObjectInspectorUtils.java,49,0,2,37,0,2,37,141,67,34,78,4,1
TestLdapAtnProviderWithMiniDS.java,98,0,2,7,0,2,7,56,56,42,37,0,0
TestLdapAuthenticationProviderImpl.java,209,0,1,4,0,1,4,56,56,0,185,0,0
TestPlainSaslHelper.java,3,0,1,6,0,1,6,149,149,0,237,0,0
TestRetryingThriftCLIServiceClient.java,3,0,2,5,0,2,5,76,4,170,120,0,1
TestColumn.java,0,0,1,3,0,1,3,95,95,0,161,0,0
CLIServiceRestoreTest.java,3,0,1,2,0,1,2,149,149,0,186,0,0
CLIServiceTest.java,4,0,4,26,0,4,26,67,4,60,56,1,2
TestHS2HttpServer.java,80,0,4,5,0,4,5,98,2,43,78,0,2
TestCustomQueryFilter.java,85,0,1,1,0,1,1,56,56,0,0,0,0
TestUserSearchFilter.java,94,0,1,1,0,1,1,56,56,0,0,0,0
TestChainFilter.java,103,0,1,1,0,1,1,56,56,0,0,0,0
TestUserFilter.java,75,0,1,1,0,1,1,56,56,0,0,0,0
TestLdapUtils.java,103,0,1,1,0,1,1,56,56,0,0,0,0
Credentials.java,41,0,1,1,0,1,1,56,56,0,0,0,0
TestQueryFactory.java,79,0,1,1,0,1,1,56,56,0,0,0,0
TestQuery.java,59,0,1,1,0,1,1,56,56,0,0,0,0
TestGroupFilter.java,101,0,1,1,0,1,1,56,56,0,0,0,0
LdapTestUtils.java,126,0,1,1,0,1,1,56,56,0,0,0,0
TestLdapSearch.java,209,0,1,1,0,1,1,56,56,0,0,0,0
TestSearchResultHandler.java,222,0,1,1,0,1,1,56,56,0,0,0,0
TestSessionManagerMetrics.java,1,0,1,3,0,1,3,149,149,0,137,0,0
TestSessionGlobalInitFile.java,3,0,1,9,0,1,9,149,149,0,90,0,0
TestSessionCleanup.java,4,0,1,2,0,1,2,149,149,0,54,0,0
TestSessionHooks.java,5,0,1,5,0,1,5,149,149,0,264,0,0
ThriftCLIServiceTest.java,0,0,1,14,0,1,14,4,4,0,92,0,1
ThriftCliServiceTestWithCookie.java,0,1,2,4,0,2,4,6,4,20,217,0,2
LlapServlet.java,1,0,2,3,1,2,3,352,141,229,144,0,1
LdapAuthenticationProviderImpl.java,0,514,2,20,0,2,20,56,56,42,67,0,0
HiveAuthFactory.java,10,0,1,33,0,1,33,56,56,0,37,0,0
CLIService.java,49,0,3,44,0,3,44,192,4,20,33,15,0
JobProgressUpdate.java,55,0,2,2,0,2,2,50,4,196,196,16,1
EmbeddedCLIServiceClient.java,0,0,1,8,0,1,8,4,4,0,199,0,1
ICLIService.java,0,0,1,11,0,1,11,4,4,0,139,0,1
OperationStatus.java,14,0,2,6,0,2,6,42,4,254,223,0,2
ProgressMonitorStatusMapper.java,37,0,2,2,0,2,2,50,4,196,196,20,0
TezProgressMonitorStatusMapper.java,50,0,2,2,0,2,2,50,4,196,196,20,0
HiveServer2.java,53,0,7,57,0,7,57,187,2,40,25,6,2
Filter.java,36,0,1,1,0,1,1,56,56,0,0,0,0
LdapSearchFactory.java,64,0,1,1,0,1,1,56,56,0,0,0,0
SearchResultHandler.java,163,0,1,1,0,1,1,56,56,0,0,0,0
ChainFilterFactory.java,78,0,1,1,0,1,1,56,56,0,0,0,0
FilterFactory.java,33,0,1,1,0,1,1,56,56,0,0,0,0
QueryFactory.java,135,0,1,1,0,1,1,56,56,0,0,0,0
UserFilterFactory.java,75,0,1,1,0,1,1,56,56,0,0,0,0
Query.java,0,0,1,21,0,1,21,56,56,0,129,0,0
GroupFilterFactory.java,90,0,1,1,0,1,1,56,56,0,0,0,0
LdapUtils.java,228,0,1,1,0,1,1,56,56,0,0,0,0
LdapSearch.java,155,0,1,1,0,1,1,56,56,0,0,0,0
DirSearch.java,52,0,1,1,0,1,1,56,56,0,0,0,0
UserSearchFilterFactory.java,65,0,1,1,0,1,1,56,56,0,0,0,0
CustomQueryFilterFactory.java,84,0,1,1,0,1,1,56,56,0,0,0,0
DirSearchFactory.java,37,0,1,1,0,1,1,56,56,0,0,0,0
HiveSession.java,3,0,1,13,0,1,13,563,563,0,101,0,0
HiveSessionImpl.java,57,0,5,72,0,5,72,159,2,28,18,0,2
HiveSessionImplwithUGI.java,1,0,1,27,0,1,27,563,563,0,46,0,0
SessionManager.java,2,0,2,42,0,2,42,78,61,19,31,0,0
OperationManager.java,14,0,3,27,0,3,27,104,9,83,53,2,1
Operation.java,0,12,5,38,0,5,38,321,79,74,38,0,2
ExecuteStatementOperation.java,0,0,1,10,0,1,10,563,563,0,135,0,0
MetadataOperation.java,0,0,1,10,0,1,10,563,563,0,135,0,0
GetColumnsOperation.java,10,0,1,14,0,1,14,149,149,0,106,0,1
SQLOperation.java,30,0,7,57,0,7,57,216,56,39,25,1,1
SQLOperationDisplay.java,0,0,1,4,0,1,4,563,563,0,49,0,0
ThriftHttpServlet.java,0,0,2,22,0,2,22,176,9,113,58,1,0
ThriftCLIService.java,25,0,4,54,0,4,54,50,4,84,26,0,2
ThriftCLIServiceClient.java,1,0,2,16,0,2,16,42,4,254,93,0,2
RetryingThriftCLIServiceClient.java,0,0,1,9,0,1,9,4,4,0,60,0,1
TestLlapTaskCommunicator.java,17,0,2,7,0,2,7,352,141,91,45,0,2
TestLlapTaskSchedulerService.java,502,0,5,27,1,5,27,194,141,51,27,16,1
LlapTezUtils.java,22,0,2,3,0,2,3,246,246,2,82,0,2
LlapTaskSchedulerService.java,202,0,14,52,1,14,52,317,141,16,14,56,5
LlapContainerLauncher.java,6,0,1,5,0,1,5,141,141,0,180,1,0
LlapTaskCommunicator.java,141,0,14,50,0,14,50,317,141,20,14,38,6
SourceStateTracker.java,31,0,2,11,0,2,11,141,141,239,67,0,2
TestBeelineArgParsing.java,17,0,1,10,0,1,10,9,9,0,112,0,1
TestBeeLineOpts.java,41,0,1,1,0,1,1,3,3,0,0,17,0
TestBeeLineExceptionHandling.java,72,0,1,1,0,1,1,56,56,0,0,0,0
HiveSchemaTool.java,21,0,1,16,1,1,16,4,4,0,81,6,0
BeeLine.java,34,0,3,68,0,3,68,127,56,50,19,0,1
Commands.java,64,0,4,44,0,4,44,37,3,79,33,1,1
BeeLineOpts.java,1,0,2,29,0,2,29,6,3,136,49,0,2
BeelineInPlaceUpdateStream.java,84,0,2,2,0,2,2,50,4,196,196,16,1
Operator.java,53,0,3,168,0,3,168,284,141,83,18,4,1
TestLlapOutputFormat.java,19,0,3,8,0,3,8,389,215,8,18,1,2
TestTxnCommands2.java,490,0,11,36,0,11,36,101,45,20,19,98,2
TestTxnCommands.java,363,0,11,18,0,11,18,238,95,23,33,27,4
TestQBCompact.java,3,0,1,5,0,1,5,149,149,0,211,0,0
TestUpdateDeleteSemanticAnalyzer.java,5,0,4,20,0,4,20,270,97,103,51,0,3
TestHiveDecimalParse.java,3,0,1,4,0,1,4,149,149,0,332,0,0
TestIUD.java,4,0,3,13,0,3,13,148,146,10,70,0,3
TestColumnAccess.java,3,0,1,4,0,1,4,149,149,0,216,0,0
TestReplicationSemanticAnalyzer.java,259,0,2,2,0,2,2,129,95,101,101,23,1
TestQBSubQuery.java,0,0,2,7,0,2,7,81,13,16,191,0,2
TestMergeStatement.java,264,0,2,2,0,2,2,122,97,232,232,37,0
TestMacroSemanticAnalyzer.java,0,2,1,6,0,1,6,563,563,0,269,0,1
TestParseDriverIntervals.java,83,0,1,1,0,1,1,149,149,0,0,17,0
TestHiveRemote.java,3,0,1,6,0,1,6,149,149,0,267,0,0
TestHive.java,3,0,1,39,0,1,39,149,149,0,75,0,0
TestHiveMetaStoreChecker.java,0,0,2,16,0,2,16,84,19,14,185,8,0
TestUDFDateFormatGranularity.java,87,0,2,2,0,2,2,188,188,41,41,36,0
TestSessionState.java,0,0,1,11,0,1,11,79,79,0,103,0,1
TestReadEntityDirect.java,3,0,1,3,0,1,3,149,149,0,442,0,0
TestViewEntity.java,34,0,2,4,0,2,4,114,79,64,167,7,0
TestHiveInputSplitComparator.java,64,0,1,1,0,1,1,5,5,0,0,17,0
TestSplitFilter.java,296,0,1,1,0,1,1,5,5,0,0,17,0
SplitFilterTestCase.java,153,0,1,1,0,1,1,5,5,0,0,17,0
MockInputFile.java,130,0,1,1,0,1,1,5,5,0,0,17,0
MockHiveInputSplits.java,37,0,1,1,0,1,1,5,5,0,0,17,0
MockIndexResult.java,38,0,1,1,0,1,1,5,5,0,0,17,0
TestSymlinkTextInputFormat.java,2,0,1,21,0,1,21,149,149,0,115,0,0
TestAcidUtils.java,85,0,3,13,0,3,13,146,146,10,71,0,0
TestHooks.java,6,0,1,4,0,1,4,149,149,0,181,0,0
TestDummyTxnManager.java,3,0,1,4,0,1,4,149,149,0,289,0,0
TestDbTxnManager2.java,709,0,9,24,0,9,24,226,45,30,29,92,2
TestDbTxnManager.java,23,0,5,23,0,5,23,113,45,48,48,2,3
TestFunctionRegistry.java,105,0,4,23,0,4,23,475,79,101,72,12,2
TestUtilities.java,173,0,5,17,0,5,17,40,3,24,114,0,1
TestExecDriver.java,2,0,1,57,0,1,57,149,149,0,51,0,0
TestOperators.java,2,0,1,49,0,1,49,149,149,0,59,0,0
TestSetProcessor.java,82,0,1,2,0,1,2,61,61,0,346,0,0
AuthorizationTestUtil.java,0,0,1,3,0,1,3,563,563,0,558,0,1
TestPrivilegesV1.java,4,0,1,7,0,1,7,149,149,0,149,0,0
TestHiveAuthorizationTaskFactory.java,3,0,1,8,0,1,8,149,149,0,132,0,0
TestGenericUDFOPMultiply.java,6,0,1,7,0,1,7,215,215,0,189,0,1
TestGenericUDFMonthsBetween.java,51,0,1,2,0,1,2,19,19,0,639,4,0
TestGenericUDFInternalInterval.java,144,0,1,1,0,1,1,149,149,0,0,19,0
TestGenericUDFOPDivide.java,0,0,1,8,0,1,8,215,215,0,162,0,1
TestOrcSerDeStats.java,0,0,1,9,0,1,9,97,97,0,167,0,1
TestOrcRecordUpdater.java,0,0,1,8,0,1,8,97,97,0,165,0,1
TestOrcSplitElimination.java,3,0,1,9,0,1,9,67,67,0,122,0,0
TestOrcFile.java,3,0,1,52,0,1,52,97,97,0,30,0,2
TestInputOutputFormat.java,1237,0,6,92,0,6,92,224,67,68,16,17,2
TestOrcRawRecordMerger.java,0,0,2,16,0,2,16,122,97,305,77,2,0
TestConvertAstToSearchArg.java,3,0,2,7,0,2,7,124,2,183,91,0,1
TestSearchArgumentImpl.java,0,0,1,22,0,1,22,2,2,0,60,0,1
TestSQLStdHiveAccessControllerHS2.java,2,0,2,5,1,2,5,172,3,184,216,0,1
TestBytesBytesMultiHashMap.java,0,2,1,6,0,1,6,67,67,0,165,0,0
Utilities.java,181,0,20,351,0,20,351,225,3,13,8,18,10
TestVectorizationContext.java,41,0,2,43,0,2,43,141,67,39,33,5,1
TestVectorRowObject.java,0,1,1,5,0,1,5,67,67,0,123,0,0
TestVectorGroupByOperator.java,11,0,2,27,0,2,27,67,67,20,52,0,2
VectorRandomRowSource.java,537,0,2,2,0,2,2,67,67,18,18,1,0
TestVectorSerDeRow.java,156,0,3,8,0,3,8,67,67,12,74,17,1
TestCustomPartitionVertex.java,60,0,2,2,0,2,2,31,1,127,127,17,0
TestTezTask.java,58,0,3,23,0,3,23,112,45,111,53,0,1
TestHostAffinitySplitLocationProvider.java,163,0,3,4,0,3,4,563,563,12,79,10,1
TestTezSessionPool.java,57,0,2,17,0,2,17,404,246,21,55,0,0
VectorizedRowGroupGenUtil.java,0,0,1,10,0,1,10,67,67,0,150,0,1
TestVectorFilterExpressions.java,12,0,1,20,0,1,20,215,215,0,72,1,0
TestVectorLogicalExpressions.java,0,0,1,12,0,1,12,67,67,0,123,0,1
TestVectorTypeCasts.java,4,0,1,12,0,1,12,67,67,0,107,1,0
TestVectorGenericDateExpressions.java,0,0,1,5,0,1,5,67,67,0,254,0,1
TestDecimalUtil.java,0,1,1,4,0,1,4,67,67,0,350,0,1
TestVectorStringExpressions.java,3,0,1,21,0,1,21,215,215,0,69,2,0
TestVectorMapJoinFastLongHashSet.java,0,0,1,2,0,1,2,67,67,0,276,0,1
TestVectorMapJoinFastLongHashMap.java,34,0,1,4,0,1,4,67,67,0,221,3,0
TestVectorMapJoinFastBytesHashMultiSet.java,0,0,1,2,0,1,2,67,67,0,276,0,1
CheckFastHashTable.java,5,0,1,2,0,1,2,67,67,0,97,0,0
TestVectorMapJoinFastBytesHashSet.java,0,0,1,2,0,1,2,67,67,0,276,0,1
CheckFastRowHashMap.java,385,0,3,3,0,3,3,67,67,12,12,0,2
TestVectorMapJoinFastLongHashMultiSet.java,0,0,1,2,0,1,2,67,67,0,276,0,1
VerifyFastRow.java,397,0,2,2,0,2,2,67,67,24,24,0,1
TestVectorMapJoinFastBytesHashMap.java,51,0,2,3,0,2,3,67,67,179,138,3,0
TestVectorMapJoinFastRowHashMap.java,718,0,2,2,0,2,2,67,67,179,179,0,1
TestTezProgressMonitor.java,119,0,2,2,0,2,2,50,4,196,196,16,1
TestVectorizer.java,37,0,3,16,0,3,16,95,2,4,80,2,2
TestCBOMaxNumToCNF.java,84,0,2,2,0,2,2,188,188,97,97,0,1
TestCBORuleFiredOnlyOnce.java,0,0,3,5,0,3,5,100,13,72,114,0,3
TestTxnHandlerNoConnectionPool.java,99,0,1,1,0,1,1,159,159,0,0,21,0
TestTxnHandler.java,76,0,3,23,0,3,23,146,146,28,48,12,0
TestCompactionTxnHandler.java,1,0,1,12,0,1,12,146,146,0,90,0,1
ChannelOutputStream.java,42,0,2,3,0,2,3,215,215,15,59,9,0
LlapOutputFormat.java,0,2,2,3,0,2,3,563,563,8,60,3,0
DebugUtils.java,1,0,1,14,0,1,14,563,563,0,65,0,1
LlapOutputFormatService.java,42,0,3,9,0,3,9,389,215,8,16,10,2
ErrorMsg.java,23,0,10,184,0,10,184,108,13,24,16,0,9
QueryDisplay.java,0,0,1,5,0,1,5,187,187,0,43,0,0
Driver.java,329,0,16,312,0,16,312,168,4,22,10,72,8
SynchronizedMetaStoreClient.java,90,0,1,1,0,1,1,1509,1509,0,0,20,0
TypeCheckProcFactory.java,81,0,4,99,0,4,99,100,13,41,29,15,2
SubQueryUtils.java,9,0,1,11,0,1,11,13,13,0,118,5,0
ExplainSQRewriteSemanticAnalyzer.java,0,1,1,5,0,1,5,149,149,0,213,0,1
GenTezUtils.java,136,0,6,38,0,6,38,294,2,40,29,18,3
ColumnStatsSemanticAnalyzer.java,29,0,3,41,0,3,41,356,149,87,39,1,2
ASTNode.java,0,1,2,22,0,2,22,146,146,18,139,8,0
CalcitePlanner.java,717,0,27,126,1,27,126,328,13,14,7,231,5
DDLSemanticAnalyzer.java,0,27,4,243,0,4,243,49,3,62,12,6,2
GenTezWork.java,4,0,1,38,0,1,38,563,563,0,32,1,0
LoadSemanticAnalyzer.java,0,0,1,51,0,1,51,95,95,0,59,0,1
QBSubQuery.java,136,0,5,16,0,5,16,100,13,18,79,50,2
BaseSemanticAnalyzer.java,41,0,2,130,0,2,130,95,95,29,23,8,1
QBParseInfo.java,24,0,2,45,0,2,45,167,146,41,69,7,1
QBExpr.java,0,0,1,6,0,1,6,149,149,0,594,0,1
ReplicationSemanticAnalyzer.java,1406,0,15,15,0,15,15,103,52,7,7,341,3
ImportSemanticAnalyzer.java,76,0,5,39,0,5,39,129,95,16,56,51,3
ReplicationSpec.java,60,0,4,6,0,4,6,129,95,21,128,24,1
QBJoinTree.java,0,0,1,23,0,1,23,188,188,0,136,0,1
MetaDataExportListener.java,0,0,1,6,0,1,6,95,95,0,306,0,1
SemanticAnalyzer.java,347,0,43,774,0,43,774,226,2,12,4,92,16
EximUtil.java,151,0,3,13,0,3,13,95,95,28,177,23,0
ExportSemanticAnalyzer.java,17,0,2,17,0,2,17,95,95,56,132,2,1
MapReduceCompiler.java,0,0,1,22,0,1,22,149,149,0,54,0,1
TaskCompiler.java,17,0,4,44,0,4,44,82,2,49,29,0,3
ExplainSemanticAnalyzer.java,83,0,1,30,0,1,30,149,149,0,100,11,0
RuntimeValuesInfo.java,62,0,1,1,0,1,1,2,2,0,0,21,0
TezCompiler.java,299,0,5,50,0,5,50,103,2,48,26,51,2
SubQueryDiagnostic.java,0,0,1,2,0,1,2,149,149,0,853,0,1
MaskAndFilterInfo.java,2,0,1,3,0,1,3,149,149,0,47,0,0
ColumnStatsAutoGatherContext.java,3,0,2,3,0,2,3,356,149,175,136,0,2
ParseContext.java,46,0,2,60,0,2,60,282,2,147,50,1,0
TypeCheckCtx.java,47,0,1,15,0,1,15,13,13,0,203,25,0
UpdateDeleteSemanticAnalyzer.java,800,0,11,25,0,11,25,251,45,8,37,299,3
ParseUtils.java,212,0,3,29,0,3,29,356,149,28,107,42,1
PreInsertTableDesc.java,42,0,1,1,0,1,1,9,9,0,0,16,0
SemanticAnalyzerFactory.java,12,0,3,88,0,3,88,120,95,62,34,0,2
TableMask.java,20,0,1,6,0,1,6,149,149,0,22,0,0
ExplainConfiguration.java,117,0,1,1,0,1,1,149,149,0,0,20,0
QB.java,14,0,1,34,0,1,34,149,149,0,93,0,1
HiveUtils.java,13,0,3,27,0,3,27,93,45,1,110,0,0
HiveMetaStoreChecker.java,103,0,7,23,0,7,23,60,4,40,133,37,1
Hive.java,200,0,17,266,0,17,266,185,2,12,11,49,4
CheckResult.java,0,0,1,6,0,1,6,19,19,0,552,0,1
ExpressionWalker.java,97,0,1,1,0,1,1,13,13,0,0,41,0
UDFDateFloorQuarter.java,39,0,1,1,0,1,1,188,188,0,0,22,0
UDFToShort.java,0,0,1,14,0,1,14,67,67,0,228,0,1
UDFSign.java,0,0,1,8,0,1,8,67,67,0,342,0,1
UDFToInteger.java,0,0,1,18,0,1,18,67,67,0,179,0,1
UDFToByte.java,0,0,1,16,0,1,16,67,67,0,203,0,1
UDFToBoolean.java,0,0,1,17,0,1,17,67,67,0,190,0,1
UDFLog.java,0,0,1,13,0,1,13,67,67,0,240,0,1
UDFDateFloorMinute.java,39,0,1,1,0,1,1,188,188,0,0,22,0
UDFToLong.java,0,0,1,16,0,1,16,67,67,0,203,0,1
UDFDateFloor.java,510,0,2,2,0,2,2,188,188,41,41,41,1
UDFDateFloorDay.java,39,0,1,1,0,1,1,188,188,0,0,22,0
UDFDateFloorHour.java,39,0,1,1,0,1,1,188,188,0,0,22,0
UDFDateFloorWeek.java,39,0,1,1,0,1,1,188,188,0,0,22,0
UDFDateFloorYear.java,39,0,1,1,0,1,1,188,188,0,0,22,0
UDFDateFloorMonth.java,39,0,1,1,0,1,1,188,188,0,0,22,0
UDFToDouble.java,0,0,1,17,0,1,17,67,67,0,190,0,1
UDFDateFloorSecond.java,39,0,1,1,0,1,1,188,188,0,0,22,0
UDFMath.java,0,0,1,3,0,1,3,67,67,0,532,0,1
UDFDayOfWeek.java,105,0,1,1,0,1,1,188,188,0,0,30,0
UDFToFloat.java,0,0,1,18,0,1,18,67,67,0,179,0,1
ResourceDownloader.java,3,0,1,2,0,1,2,23,23,0,177,0,0
ClearDanglingScratchDir.java,31,0,1,4,0,1,4,52,52,0,68,14,0
SessionState.java,107,0,10,175,0,10,175,118,2,27,17,17,4
LineageState.java,1,0,1,5,0,1,5,149,149,0,620,4,0
ShowTxnsDesc.java,0,0,1,2,0,1,2,45,45,0,980,0,1
ExprNodeDynamicValueDesc.java,76,0,1,1,0,1,1,2,2,0,0,21,0
FetchWork.java,14,0,1,18,0,1,18,95,95,0,146,4,0
VectorGroupByDesc.java,50,0,1,4,0,1,4,67,67,0,289,34,0
PlanUtils.java,33,0,3,92,0,3,92,200,9,94,33,1,1
OpTraits.java,18,0,1,9,0,1,9,563,563,0,122,0,1
DDLWork.java,34,0,2,54,0,2,54,9,9,279,63,2,1
Statistics.java,16,0,1,10,0,1,10,149,149,0,121,0,1
InsertTableDesc.java,40,0,2,2,0,2,2,9,9,279,279,16,1
ReplCopyWork.java,119,0,1,1,0,1,1,95,95,0,0,68,0
ShowCompactionsDesc.java,0,0,1,2,0,1,2,146,146,0,999,0,1
MergeJoinWork.java,6,0,1,16,0,1,16,149,149,0,47,0,1
MapWork.java,45,0,5,53,0,5,53,404,246,54,24,5,0
BaseWork.java,35,0,3,42,0,3,42,38,2,111,32,1,1
JoinDesc.java,33,0,2,28,0,2,28,188,188,3,92,0,2
ReduceSinkDesc.java,13,0,1,36,0,1,36,149,149,0,73,4,0
ExplainWork.java,0,30,1,14,0,1,14,149,149,0,185,0,1
OperatorDesc.java,4,0,2,9,0,2,9,198,149,115,197,0,2
HiveOperation.java,2,0,1,41,0,1,41,95,95,0,50,0,0
AddPartitionDesc.java,22,0,1,12,0,1,12,95,95,0,261,8,0
ExprNodeDescUtils.java,74,0,2,25,0,2,25,188,188,172,65,22,0
ReduceWork.java,0,31,1,23,0,1,23,67,67,0,59,1,0
AbstractOperatorDesc.java,23,0,2,17,0,2,17,198,149,115,98,0,2
FileSinkDesc.java,14,0,3,30,0,3,30,122,95,62,85,4,1
CreateTableDesc.java,23,0,3,33,0,3,33,143,95,61,78,8,2
DynamicValue.java,137,0,1,1,0,1,1,2,2,0,0,20,0
VectorPartitionDesc.java,4,0,1,3,0,1,3,563,563,0,214,0,1
TableDesc.java,0,0,1,35,0,1,35,9,9,0,74,0,1
ExprNodeSubQueryDesc.java,102,0,2,2,0,2,2,13,13,52,52,26,1
AggregationDesc.java,7,0,1,7,0,1,7,2,2,0,426,0,1
StatsCollectionContext.java,9,0,1,2,0,1,2,149,149,0,283,0,0
StatsUtils.java,73,0,8,67,0,8,67,466,19,31,18,10,4
HiveIndexResult.java,1,0,1,8,0,1,8,5,5,0,274,0,1
SplitFilter.java,125,0,1,1,0,1,1,5,5,0,0,17,0
IndexResult.java,25,0,1,1,0,1,1,5,5,0,0,17,0
HiveIndexedInputFormat.java,0,35,1,7,0,1,7,5,5,0,320,1,0
LineageInfo.java,0,0,1,18,0,1,18,563,563,0,175,0,1
HdfsUtils.java,1,0,1,11,0,1,11,2,2,0,49,0,1
LlapWrappableInputFormatInterface.java,1,0,1,3,0,1,3,563,563,0,428,2,0
BatchToRowReader.java,623,0,1,1,0,1,1,563,563,0,0,31,0
AcidUtils.java,64,0,4,35,0,4,35,354,146,45,28,5,1
OneNullRowInputFormat.java,0,0,1,4,0,1,4,563,563,0,630,0,1
ZeroRowsInputFormat.java,54,0,1,1,0,1,1,563,563,0,0,22,0
HiveInputFormat.java,69,0,4,111,0,4,111,563,563,73,27,8,0
CombineHiveRecordReader.java,51,0,1,11,0,1,11,563,563,0,268,3,0
ProxyLocalFileSystem.java,9,0,1,16,0,1,16,95,95,0,155,7,0
NullRowsInputFormat.java,0,3,2,6,0,2,6,315,67,195,212,0,2
BatchToRowInputFormat.java,31,0,1,1,0,1,1,563,563,0,0,17,0
StreamingOutputFormat.java,25,0,1,1,0,1,1,563,563,0,0,0,0
PostExecOrcFileDump.java,0,0,1,5,0,1,5,97,97,0,164,0,1
LineageLogger.java,0,1,1,9,0,1,9,9,9,0,72,0,1
PostExecTezSummaryPrinter.java,20,0,1,3,0,1,3,246,246,0,169,2,0
Entity.java,0,3,1,10,0,1,10,146,146,0,192,0,1
WriteEntity.java,0,0,2,59,0,2,59,146,146,0,47,0,2
ReadEntity.java,0,0,3,56,0,3,56,146,146,9,50,7,1
HookContext.java,33,0,3,16,0,3,16,389,215,44,151,0,3
PostExecOrcRowGroupCountPrinter.java,75,0,1,1,0,1,1,246,246,0,0,20,0
ATSHook.java,261,0,10,23,0,10,23,228,52,20,44,27,5
HiveTxnManager.java,2,0,2,11,0,2,11,96,45,22,102,7,0
DummyTxnManager.java,0,0,2,15,0,2,15,96,45,22,73,0,2
DbTxnManager.java,33,0,9,39,0,9,39,76,19,29,28,45,3
DbLockManager.java,0,3,2,18,0,2,18,82,19,220,63,8,1
AcidOpenTxnsCounterService.java,6,0,1,2,0,1,2,146,146,0,59,0,0
ExprWalkerProcFactory.java,8,0,2,26,0,2,26,96,5,200,113,0,1
OpProcFactory.java,0,0,1,74,0,1,74,188,188,0,36,0,0
ExprWalkerInfo.java,12,0,1,19,0,1,19,188,188,0,147,0,0
ExprNodeConstantEvaluator.java,5,0,1,10,0,1,10,2,2,0,340,0,1
ExprNodeColumnEvaluator.java,1,0,1,11,0,1,11,2,2,0,306,0,1
TopNHash.java,13,0,1,9,0,1,9,246,246,0,151,2,0
MoveTask.java,26,0,7,96,0,7,96,418,38,28,31,8,2
SerializationUtilities.java,24,0,4,11,0,4,11,133,4,64,39,1,2
HashTableSinkOperator.java,0,0,1,42,0,1,42,2,2,0,55,0,1
MapredContext.java,2,0,1,10,0,1,10,141,141,0,134,0,0
ColumnStatsTask.java,4,0,1,22,0,1,22,149,149,0,66,0,1
ExprNodeGenericFuncEvaluator.java,1,0,1,21,0,1,21,2,2,0,141,0,1
ReduceSinkOperator.java,10,0,3,77,0,3,77,635,149,58,39,0,3
AbstractMapJoinOperator.java,0,0,1,33,0,1,33,2,2,0,78,0,1
ExprNodeEvaluatorRef.java,0,0,1,2,0,1,2,2,2,0,1358,0,1
FunctionRegistry.java,45,0,12,243,0,12,243,265,2,20,12,10,7
ListSinkOperator.java,1,0,1,11,0,1,11,149,149,0,147,0,1
FunctionInfo.java,4,0,1,17,0,1,17,215,215,0,184,0,1
CommonJoinOperator.java,170,0,3,69,0,3,69,113,2,74,41,68,2
TableScanOperator.java,1,0,1,64,0,1,64,149,149,0,44,0,1
DDLTask.java,179,0,16,330,2,16,330,78,2,32,10,27,10
StatsNoJobTask.java,0,0,1,19,0,1,19,71,71,0,52,0,1
StatsTask.java,0,0,2,46,0,2,46,198,149,91,50,0,2
ExprNodeEvaluatorFactory.java,10,0,1,15,0,1,15,2,2,0,219,1,0
ObjectCache.java,0,0,3,27,0,3,27,2,2,0,48,8,2
MapOperator.java,5,0,1,94,0,1,94,563,563,0,30,0,1
TaskFactory.java,2,0,1,37,0,1,37,95,95,0,83,0,1
GroupByOperator.java,20,0,5,91,0,5,91,102,2,39,34,8,3
ReplCopyTask.java,252,0,2,2,0,2,2,95,95,56,56,37,0
SelectOperator.java,0,0,1,41,0,1,41,2,2,0,76,0,1
ExprNodeFieldEvaluator.java,1,0,1,10,0,1,10,2,2,0,340,0,1
ObjectCacheFactory.java,1,0,1,11,1,1,11,563,563,0,108,0,0
OrcFileMergeOperator.java,0,0,1,13,0,1,13,97,97,0,82,0,1
CommonMergeJoinOperator.java,4,0,1,26,0,1,26,563,563,0,32,0,1
MapJoinOperator.java,14,0,4,135,1,4,135,212,45,17,19,0,0
HashTableDummyOperator.java,10,0,1,10,0,1,10,563,563,0,246,0,1
FileSinkOperator.java,5,0,8,136,0,8,136,465,9,25,22,0,4
FilterOperator.java,0,0,1,42,0,1,42,2,2,0,74,0,1
PTFOperator.java,2,0,2,20,0,2,20,45,45,109,68,0,1
ExprNodeEvaluator.java,11,0,1,11,0,1,11,2,2,0,306,0,1
ExprNodeEvaluatorHead.java,0,0,1,2,0,1,2,2,2,0,1358,0,1
UDTFOperator.java,1,0,1,22,0,1,22,149,149,0,117,0,1
ExplainTask.java,8,0,3,71,0,3,71,149,149,156,45,0,3
JoinOperator.java,0,1,2,62,0,2,62,168,149,92,49,0,2
PTFTopNHash.java,7,0,1,3,0,1,3,246,246,0,454,0,1
JoinUtil.java,17,0,2,27,0,2,27,95,2,54,87,3,1
FetchTask.java,2,0,1,44,0,1,44,146,146,0,65,0,0
WindowFunctionInfo.java,0,0,1,7,0,1,7,215,215,0,212,0,1
DynamicValueRegistry.java,30,0,1,1,0,1,1,2,2,0,0,18,0
LimitOperator.java,1,0,1,24,0,1,24,149,149,0,124,0,1
FetchOperator.java,4,0,2,81,0,2,81,354,146,187,34,0,1
Registry.java,51,0,4,15,0,4,15,69,1,31,42,12,2
SMBMapJoinOperator.java,7,0,2,52,0,2,52,27,27,12,45,0,0
ExprNodeDynamicValueEvaluator.java,54,0,1,1,0,1,1,2,2,0,0,21,0
ObjectCacheWrapper.java,5,0,1,2,0,1,2,2,2,0,560,0,1
HashTableLoader.java,2,0,1,74,0,1,74,45,45,0,13,0,0
OperatorUtils.java,23,0,2,23,0,2,23,230,215,67,64,0,2
ReduceSinkMapJoinProc.java,1,0,1,30,0,1,30,563,563,0,40,0,1
RedundantDynamicPruningConditionsRemoval.java,4,0,1,2,0,1,2,2,2,0,349,1,0
MapJoinProcessor.java,1,0,1,74,0,1,74,188,188,0,37,0,1
FixedBucketPruningOptimizer.java,0,0,1,4,0,1,4,2,2,0,146,0,1
ConvertJoinMapJoin.java,168,0,6,52,0,6,52,376,188,17,24,50,2
LimitPushdownOptimizer.java,84,0,3,10,0,3,10,188,188,101,136,6,0
Optimizer.java,8,0,4,98,0,4,98,79,9,58,31,0,4
SortedDynPartitionTimeGranularityOptimizer.java,372,0,2,2,0,2,2,9,9,320,320,46,0
SimpleFetchOptimizer.java,96,0,2,35,0,2,35,132,19,0,45,15,0
DynamicPartitionPruningOptimization.java,303,0,4,15,0,4,15,122,2,11,64,39,0
BucketingSortingReduceSinkOptimizer.java,3,0,1,20,0,1,20,146,146,0,70,0,1
SortedDynPartitionOptimizer.java,3,0,3,32,0,3,32,1509,1509,6,29,0,3
ColumnPrunerProcFactory.java,8,0,1,68,0,1,68,188,188,0,43,1,0
StatsOptimizer.java,23,0,2,27,0,2,27,149,149,31,39,0,0
GenMapRedUtils.java,0,0,2,163,0,2,163,356,149,24,17,0,1
AnnotateReduceSinkOutputOperator.java,73,0,1,1,0,1,1,149,149,0,0,21,0
SetProcessor.java,32,0,3,34,0,3,34,711,61,49,89,0,0
CommandProcessorFactory.java,2,0,1,18,0,1,18,563,563,0,151,0,0
ResetProcessor.java,93,0,1,3,0,1,3,563,563,0,752,0,0
DfsProcessor.java,0,0,1,11,0,1,11,79,79,0,252,0,1
ReloadProcessor.java,0,0,1,3,0,1,3,79,79,0,340,0,1
SparkCompiler.java,6,0,1,33,0,1,33,149,149,0,24,0,1
GenericUDFAbs.java,1,0,1,7,0,1,7,67,67,0,200,0,1
GenericUDFOPNumericPlus.java,0,1,2,3,0,2,3,141,67,6,337,4,1
GenericUDFRound.java,2,0,1,7,0,1,7,67,67,0,192,2,0
GenericUDFInternalInterval.java,322,0,1,1,0,1,1,149,149,0,0,23,0
GenericUDAFRowNumber.java,38,0,1,4,0,1,4,188,188,0,452,0,1
GenericUDFOPNegative.java,0,0,1,4,0,1,4,67,67,0,378,0,1
GenericUDAFEvaluator.java,7,0,1,10,0,1,10,2,2,0,305,3,0
GenericUDFDateDiff.java,0,4,1,7,0,1,7,67,67,0,180,3,0
GenericUDAFSum.java,10,0,2,25,0,2,25,73,67,82,113,0,2
GenericUDTFReplicateRows.java,88,0,1,1,0,1,1,149,149,0,0,20,0
GenericUDFGrouping.java,91,0,1,1,0,1,1,13,13,0,0,22,0
GenericUDFCeil.java,0,0,1,3,0,1,3,67,67,0,567,0,1
GenericUDTFGetSplits.java,106,0,8,17,0,8,17,306,141,12,12,42,3
GenericUDAFPercentileApprox.java,2,0,1,13,0,1,13,1,1,0,202,0,1
GenericUDFOPNotEqualNS.java,45,0,1,1,0,1,1,149,149,0,0,18,0
GenericUDFFloor.java,0,0,1,3,0,1,3,67,67,0,567,0,1
GenericUDAFMax.java,7,0,1,12,0,1,12,1509,1509,0,215,4,0
GenericUDAFComputeStats.java,22,0,1,18,0,1,18,3,3,0,79,0,1
GenericUDFOPNumericMinus.java,1,0,2,3,0,2,3,141,67,6,337,4,1
GenericUDFSQCountCheck.java,102,0,3,3,0,3,3,13,13,24,24,21,2
GenericUDFInBloomFilter.java,174,0,2,2,0,2,2,108,2,7,7,24,1
GenericUDAFBloomFilter.java,301,0,4,4,0,4,4,108,2,11,11,41,1
GenericUDAFMin.java,10,0,1,10,0,1,10,1509,1509,0,262,0,1
GenericUDFCardinalityViolation.java,64,0,1,1,0,1,1,146,146,0,0,21,0
GenericUDFMonthsBetween.java,11,0,1,2,0,1,2,19,19,0,639,2,0
GenericUDF.java,16,0,1,19,0,1,19,19,19,0,155,0,1
GenericUDFOPMultiply.java,4,0,1,4,0,1,4,215,215,0,378,4,0
GenericUDFOPEqualNS.java,5,0,1,3,0,1,3,149,149,0,896,0,1
GenericUDFBaseNumeric.java,29,0,1,12,0,1,12,215,215,0,103,13,0
GenericUDAFAverage.java,9,0,1,25,0,1,25,1509,1509,0,107,0,1
GenericUDFOPMod.java,4,0,1,4,0,1,4,215,215,0,378,4,0
GenericUDFOPDivide.java,0,5,1,5,0,1,5,215,215,0,283,9,0
GenericUDFBRound.java,3,0,1,2,0,1,2,67,67,0,528,0,1
WindowingTableFunction.java,6,0,1,22,0,1,22,45,45,0,57,0,0
FSStatsPublisher.java,7,0,1,9,0,1,9,149,149,0,108,0,0
OrcRecordUpdater.java,1,0,2,18,0,2,18,122,97,309,68,2,0
ExternalCache.java,0,3,2,3,0,2,3,172,97,343,220,0,1
OrcOiBatchToRowReader.java,71,0,1,1,0,1,1,563,563,0,0,18,0
OrcFileKeyWrapper.java,0,0,1,6,0,1,6,97,97,0,207,0,1
OrcFileStripeMergeRecordReader.java,0,0,1,8,0,1,8,97,97,0,148,0,1
LocalCache.java,1,0,2,3,0,2,3,172,97,343,220,0,1
OrcRawRecordMerger.java,0,11,3,23,0,3,23,122,97,152,52,2,1
OrcSerde.java,0,0,1,14,0,1,14,97,97,0,119,0,1
OrcFileValueWrapper.java,0,0,1,3,0,1,3,97,97,0,517,0,1
OrcUnion.java,0,0,1,7,0,1,7,97,97,0,257,0,1
VectorizedOrcInputFormat.java,0,1,4,29,0,4,29,137,67,114,53,0,3
OrcNewInputFormat.java,0,0,2,14,0,2,14,82,67,310,94,0,1
OrcStruct.java,0,0,1,26,0,1,26,97,97,0,61,0,1
OrcNewSplit.java,0,20,2,11,0,2,11,172,97,343,122,0,1
OrcSplit.java,9,0,3,30,0,3,30,302,97,172,45,0,2
OrcInputFormat.java,145,0,15,150,0,15,150,224,67,24,10,24,5
OrcOutputFormat.java,0,0,1,21,0,1,21,97,97,0,77,0,1
OrcFileFormatProxy.java,2,0,2,4,0,2,4,172,97,343,176,0,1
ConvertAstToSearchArg.java,21,0,3,11,0,3,11,105,2,91,54,1,1
AvroGenericRecordReader.java,2,0,1,11,1,1,11,27,27,0,165,0,1
MergeFileTask.java,4,0,1,10,0,1,10,563,563,0,88,0,1
EncodedReaderImpl.java,44,0,7,49,0,7,49,222,6,50,17,38,2
CacheChunk.java,5,0,2,5,0,2,5,563,563,25,138,0,2
StreamUtils.java,7,0,2,21,0,2,21,330,97,131,41,0,2
EncodedReader.java,0,0,2,9,0,2,9,330,97,181,104,0,2
EncodedTreeReaderFactory.java,1023,0,5,12,0,5,12,302,97,70,71,38,2
IncompleteCb.java,37,0,1,1,0,1,1,563,563,0,0,0,0
PartialScanMapper.java,1,0,1,11,0,1,11,563,563,0,139,2,0
DataWritableWriter.java,1,0,1,15,0,1,15,67,67,0,75,0,1
CuratorFrameworkSingleton.java,1,0,1,3,0,1,3,246,246,0,305,0,1
StorageBasedAuthorizationProvider.java,5,0,1,20,0,1,20,52,52,0,75,4,0
SQLAuthorizationUtils.java,63,0,1,17,0,1,17,163,163,0,56,0,0
Operation2Privilege.java,6,0,2,31,0,2,31,49,3,186,36,5,0
CompactorMR.java,11,0,5,32,0,5,32,96,45,69,35,0,4
Initiator.java,4,0,1,31,0,1,31,146,146,0,32,0,1
HouseKeeperServiceBase.java,0,0,1,3,0,1,3,146,146,0,75,0,0
Worker.java,0,0,1,22,0,1,22,146,146,0,46,0,1
HiveSparkClientFactory.java,2,0,4,34,0,4,34,30,3,8,20,0,0
HadoopJobExecHelper.java,2,0,2,53,0,2,53,124,3,61,38,0,1
MapredLocalTask.java,1,0,5,70,0,5,70,102,3,13,31,0,0
MapRedTask.java,0,12,1,72,0,1,72,79,79,0,40,1,0
ExecDriver.java,0,8,3,194,0,3,194,321,79,73,15,16,1
BytesBytesMultiHashMap.java,0,17,3,18,0,3,18,315,67,102,59,0,1
HybridHashTableContainer.java,41,0,5,31,0,5,31,93,45,16,17,0,0
RowContainer.java,0,6,3,32,0,3,32,93,45,1,77,0,0
UnwrapRowContainer.java,10,0,1,4,0,1,4,188,188,0,255,0,0
VectorFilterOperator.java,2,0,1,15,0,1,15,215,215,0,98,0,1
VectorHashKeyWrapper.java,1,0,1,18,0,1,18,67,67,0,77,1,0
VectorMapJoinOuterFilteredOperator.java,2,0,1,7,0,1,7,67,67,0,104,0,1
VectorExtractRow.java,2,0,3,10,1,3,10,315,67,102,71,5,1
VectorSMBMapJoinOperator.java,1,0,2,18,0,2,18,34,2,182,64,0,2
VectorMapOperator.java,34,0,7,23,0,7,23,239,67,34,61,20,2
VectorSerializeRow.java,3,0,1,7,0,1,7,67,67,0,105,3,0
VectorMapJoinOperator.java,0,0,2,31,0,2,31,282,2,175,39,0,1
VectorizedBatchUtil.java,1,0,1,27,0,1,27,563,563,0,45,0,0
TimestampUtils.java,79,0,4,12,0,4,12,82,67,112,132,18,1
VectorGroupByOperator.java,5,0,2,38,0,2,38,67,67,182,36,11,1
VectorAssignRow.java,0,0,1,6,0,1,6,67,67,0,87,4,0
VectorHashKeyWrapperBatch.java,0,0,1,17,0,1,17,67,67,0,82,0,1
VectorMapJoinBaseOperator.java,1,0,1,7,0,1,7,67,67,0,74,0,1
VectorDeserializeRow.java,172,0,5,12,0,5,12,67,67,48,57,90,0
VectorSelectOperator.java,1,0,1,20,0,1,20,215,215,0,72,0,1
VectorizedRowBatchCtx.java,0,44,1,55,0,1,55,67,67,0,21,6,0
VectorizationContext.java,330,0,14,122,0,14,122,119,45,19,11,128,4
AggregateDefinition.java,1,0,1,3,0,1,3,67,67,0,436,0,1
VectorExpressionDescriptor.java,5,0,2,17,0,2,17,141,67,225,74,0,1
ReduceRecordSource.java,14,0,3,24,0,3,24,67,67,97,38,0,2
MapRecordProcessor.java,74,0,6,56,1,6,56,204,2,45,22,4,0
DagUtils.java,93,0,2,112,0,2,112,26,6,271,12,1,0
CustomPartitionVertex.java,0,0,1,26,0,1,26,1,1,0,33,0,0
TezJobExecHelper.java,18,0,2,4,0,2,4,12,4,38,286,0,2
ReduceRecordProcessor.java,65,0,6,57,1,6,57,204,2,51,22,2,2
TezSessionState.java,38,0,7,70,0,7,70,238,4,43,18,5,3
LlapObjectCache.java,18,0,1,7,0,1,7,2,2,0,115,0,1
HiveSplitGenerator.java,0,4,1,44,0,1,44,563,563,0,17,0,1
TezTask.java,56,0,6,86,0,6,86,152,4,56,15,4,3
DynamicValueRegistryTez.java,137,0,2,2,0,2,2,108,2,7,7,23,0
MergeFileRecordProcessor.java,4,0,2,20,1,2,20,352,141,54,36,0,0
TezProcessor.java,17,0,1,39,0,1,39,141,141,0,26,0,0
HostAffinitySplitLocationProvider.java,38,0,2,3,0,2,3,563,563,25,119,12,0
RecordProcessor.java,2,0,1,22,0,1,22,141,141,0,47,0,0
TezSessionPoolManager.java,93,0,6,28,0,6,28,317,141,44,40,10,1
SparkSessionManagerImpl.java,1,0,1,10,0,1,10,246,246,0,84,0,1
RemoteSparkJobMonitor.java,3,0,1,4,0,1,4,38,38,0,216,0,1
LocalSparkJobMonitor.java,0,0,1,3,0,1,3,38,38,0,324,0,1
SparkJobMonitor.java,191,0,2,17,0,2,17,21,4,64,50,8,1
VectorUDFAdaptor.java,8,0,1,10,0,1,10,67,67,0,135,0,1
CastDecimalToTimestamp.java,9,0,1,8,0,1,8,67,67,0,153,0,1
VectorUDFDayOfWeekDate.java,39,0,1,1,0,1,1,188,188,0,0,21,0
VectorUDFDateAddScalarCol.java,2,0,1,7,0,1,7,67,67,0,169,0,1
ConstantVectorExpression.java,0,0,1,17,0,1,17,45,45,0,74,0,0
DecimalColumnInList.java,3,0,1,3,0,1,3,67,67,0,506,3,0
DynamicValueVectorExpression.java,314,0,1,1,0,1,1,215,215,0,0,20,0
CastDecimalToDouble.java,0,0,1,4,0,1,4,67,67,0,357,0,1
CastDecimalToVarChar.java,0,0,1,2,0,1,2,67,67,0,853,0,1
ColOrCol.java,0,254,4,11,0,4,11,315,67,69,135,130,2
FuncDecimalToLong.java,9,0,1,3,0,1,3,67,67,0,536,0,1
CastDecimalToChar.java,0,0,1,2,0,1,2,67,67,0,853,0,1
VectorExpression.java,11,0,1,11,0,1,11,215,215,0,138,0,1
DecimalUtil.java,49,0,1,8,0,1,8,67,67,0,154,1,0
CastDecimalToLong.java,42,0,1,4,0,1,4,67,67,0,357,2,0
FilterStructColumnInList.java,0,0,1,3,0,1,3,67,67,0,235,0,1
VectorUDFDayOfWeekTimestamp.java,39,0,1,1,0,1,1,188,188,0,0,21,0
VectorUDFDateDiffScalarCol.java,2,0,1,7,0,1,7,67,67,0,169,0,1
CastDoubleToDecimal.java,4,0,1,4,0,1,4,67,67,0,357,0,1
FilterDecimalColumnInList.java,0,0,1,3,0,1,3,67,67,0,506,0,1
CastDecimalToString.java,1,0,1,7,0,1,7,67,67,0,178,3,0
FilterStringColLikeStringScalar.java,1,0,1,9,0,1,9,86,86,0,148,0,0
VectorUDFDateDiffColScalar.java,2,0,1,7,0,1,7,67,67,0,169,0,1
StructColumnInList.java,0,0,1,3,0,1,3,67,67,0,235,0,1
VectorInBloomFilterColDynamicValue.java,285,0,1,1,0,1,1,215,215,0,0,26,0
VectorUDFDayOfWeekString.java,61,0,1,1,0,1,1,188,188,0,0,21,0
CastDecimalToBoolean.java,5,0,1,4,0,1,4,67,67,0,357,0,1
ColAndCol.java,0,255,4,12,0,4,12,315,67,69,123,141,1
VectorMapJoinGenerateResultOperator.java,17,0,5,17,0,5,17,239,67,40,39,2,0
VectorMapJoinCommonOperator.java,5,0,3,21,0,3,21,315,67,76,31,0,2
VectorUDAFBloomFilter.java,474,0,1,1,0,1,1,215,215,0,0,28,0
VectorUDAFSumDecimal.java,0,74,1,6,0,1,6,67,67,0,210,3,0
VectorUDAFAvgDecimal.java,0,37,1,6,0,1,6,67,67,0,210,5,0
VectorUDAFBloomFilterMerge.java,365,0,1,1,0,1,1,215,215,0,0,26,0
VectorMapJoinOptimizedHashMap.java,1,0,2,3,0,2,3,76,67,14,242,1,0
VectorMapJoinOptimizedStringCommon.java,0,26,1,2,0,1,2,67,67,0,510,2,0
VectorMapJoinOptimizedLongCommon.java,0,58,2,6,0,2,6,67,67,6,101,8,0
VectorMapJoinFastLongHashMap.java,0,0,1,7,0,1,7,67,67,0,110,0,1
VectorMapJoinFastHashSet.java,0,0,1,3,0,1,3,67,67,0,332,0,1
VectorMapJoinFastStringCommon.java,10,0,3,6,0,3,6,67,67,12,102,0,2
VectorMapJoinFastLongHashTable.java,14,0,5,14,0,5,14,315,67,48,51,1,2
VectorMapJoinFastStringHashSet.java,0,0,1,4,0,1,4,67,67,0,221,0,1
VectorMapJoinFastMultiKeyHashMultiSet.java,0,0,1,4,0,1,4,67,67,0,221,0,1
VectorMapJoinFastHashMultiSet.java,0,0,1,3,0,1,3,67,67,0,332,0,1
VectorMapJoinFastLongHashSet.java,0,0,1,6,0,1,6,67,67,0,132,0,1
VectorMapJoinFastMultiKeyHashSet.java,0,0,1,4,0,1,4,67,67,0,221,0,1
VectorMapJoinFastValueStore.java,26,0,1,5,0,1,5,67,67,0,121,0,0
VectorMapJoinFastBytesHashMap.java,0,0,2,8,0,2,8,315,67,196,94,0,1
VectorMapJoinFastHashMap.java,0,0,1,3,0,1,3,67,67,0,332,0,1
VectorMapJoinFastLongHashMultiSet.java,0,0,1,6,0,1,6,67,67,0,132,0,1
VectorMapJoinFastTableContainer.java,1,0,2,9,0,2,9,315,67,196,83,0,1
VectorMapJoinFastKeyStore.java,4,0,1,5,0,1,5,563,563,0,116,0,0
VectorMapJoinFastBytesHashSet.java,0,0,2,7,0,2,7,315,67,196,110,0,1
VectorMapJoinFastBytesHashMultiSet.java,0,0,2,8,0,2,8,315,67,196,94,0,1
VectorMapJoinFastHashTable.java,18,0,2,6,0,2,6,315,67,196,132,1,0
VectorMapJoinFastStringHashMap.java,0,0,1,4,0,1,4,67,67,0,221,0,1
VectorMapJoinFastStringHashMultiSet.java,0,0,1,4,0,1,4,67,67,0,221,0,1
VectorMapJoinFastBytesHashTable.java,9,0,3,10,0,3,10,239,67,98,73,2,0
VectorMapJoinFastMultiKeyHashMap.java,0,0,1,4,0,1,4,67,67,0,221,0,1
VectorMapJoinHashTableResult.java,8,0,1,2,0,1,2,563,563,0,468,0,0
VectorMapJoinHashMapResult.java,0,0,1,2,0,1,2,67,67,0,485,0,0
DAGSummary.java,215,0,2,2,0,2,2,50,4,196,196,35,0
TezJobMonitor.java,0,559,8,69,0,8,69,91,4,33,18,175,3
FSCountersSummary.java,110,0,2,2,0,2,2,50,4,196,196,19,0
QueryExecutionBreakdownSummary.java,93,0,2,2,0,2,2,50,4,196,196,23,0
PrintSummary.java,25,0,2,2,0,2,2,50,4,196,196,16,1
LLAPioSummary.java,126,0,2,2,0,2,2,50,4,196,196,18,0
TezProgressMonitor.java,331,0,2,2,0,2,2,50,4,196,196,39,0
ReduceSinkDeDuplication.java,27,0,1,29,0,1,29,188,188,0,81,0,0
PartitionPruner.java,10,0,2,96,0,2,96,128,69,191,31,3,0
PcrExprProcFactory.java,0,1,1,16,0,1,16,563,563,0,141,0,0
RewriteParseContextGenerator.java,0,2,1,9,0,1,9,563,563,0,248,0,1
SparkMapJoinOptimizer.java,0,0,1,19,0,1,19,563,563,0,42,0,1
AnnotateRunTimeStatsOptimizer.java,174,0,1,1,0,1,1,149,149,0,0,18,0
Vectorizer.java,186,0,11,144,0,11,144,256,67,25,8,124,4
PhysicalOptimizer.java,5,0,1,15,0,1,15,149,149,0,172,0,1
NullScanTaskDispatcher.java,18,0,2,11,0,2,11,282,1,152,89,3,0
LlapDecider.java,15,0,2,20,0,2,20,352,141,65,37,0,2
NullScanOptimizer.java,12,0,1,4,0,1,4,27,27,0,252,0,0
HiveRelShuttleImpl.java,145,0,1,1,0,1,1,13,13,0,0,21,0
CalciteSubquerySemanticException.java,52,0,1,1,0,1,1,13,13,0,0,20,0
HiveRelOptUtil.java,0,0,1,11,0,1,11,188,188,0,52,2,0
CalciteSemanticException.java,0,0,2,5,0,2,5,202,188,16,195,0,2
HiveDefaultRelMetadataProvider.java,0,0,1,15,0,1,15,188,188,0,59,0,1
HiveRelShuttle.java,40,0,1,1,0,1,1,13,13,0,0,23,0
HiveCalciteUtil.java,73,0,1,26,0,1,26,149,149,0,27,2,0
HivePlannerContext.java,10,0,3,4,0,3,4,100,13,72,114,3,2
CalciteViewSemanticException.java,52,0,1,1,0,1,1,149,149,0,0,20,0
HiveRelBuilder.java,16,0,1,2,0,1,2,188,188,0,113,8,0
HiveSubQRemoveRelBuilder.java,1680,0,3,3,0,3,3,13,13,39,39,392,2
HiveTypeSystemImpl.java,33,0,1,6,0,1,6,188,188,0,148,0,1
HiveRelFactories.java,10,0,2,6,0,2,6,829,149,27,69,0,2
RelOptHiveTable.java,7,0,1,44,0,1,44,5,5,0,22,0,1
OpTraitsRulesProcFactory.java,22,0,1,12,0,1,12,563,563,0,89,0,1
StatsRulesProcFactory.java,114,0,9,55,0,9,55,566,2,32,22,13,2
HiveRelFieldTrimmer.java,0,81,2,22,0,2,22,104,19,81,43,24,0
HiveProjectSortTransposeRule.java,5,0,1,3,0,1,3,188,188,0,134,0,1
HiveProjectMergeRule.java,40,0,1,4,0,1,4,188,188,0,192,0,0
HiveIntersectMergeRule.java,88,0,1,1,0,1,1,149,149,0,0,34,0
HiveFilterProjectTransposeRule.java,0,1,1,4,0,1,4,188,188,0,218,0,1
HiveExpandDistinctAggregatesRule.java,213,0,2,5,0,2,5,149,149,64,157,61,0
HiveSortLimitPullUpConstantsRule.java,6,0,2,6,0,2,6,149,149,5,35,0,2
HiveSemiJoinRule.java,133,0,2,2,0,2,2,761,13,79,79,29,0
HivePreFilteringRule.java,0,0,2,10,0,2,10,188,188,97,53,0,1
HiveRelColumnsAlignment.java,262,0,1,1,0,1,1,188,188,0,0,0,0
HiveProjectOverIntersectRemoveRule.java,67,0,1,1,0,1,1,149,149,0,0,26,0
HiveReduceExpressionsRule.java,0,655,3,10,0,3,10,100,13,96,45,245,0
HiveIntersectRewriteRule.java,250,0,1,1,0,1,1,149,149,0,0,40,0
HiveSubQueryRemoveRule.java,439,0,6,6,0,6,6,13,13,15,15,131,2
HiveRelDecorrelator.java,3121,0,5,5,0,5,5,13,13,23,23,863,1
HiveFilterProjectTSTransposeRule.java,12,0,1,3,0,1,3,188,188,0,145,0,1
HiveAggregateProjectMergeRule.java,15,0,2,5,0,2,5,168,149,49,106,2,1
HiveReduceExpressionsWithStatsRule.java,0,1,1,2,0,1,2,188,188,0,125,0,1
HiveSortProjectTransposeRule.java,0,39,2,4,0,2,4,188,188,180,150,5,1
HivePointLookupOptimizerRule.java,0,3,1,2,0,1,2,188,188,0,92,0,0
HiveAggregateJoinTransposeRule.java,3,0,1,6,0,1,6,188,188,0,75,0,1
HiveExceptRewriteRule.java,375,0,1,1,0,1,1,149,149,0,0,69,0
HiveFloorDate.java,64,0,1,1,0,1,1,188,188,0,0,18,0
HiveIntersect.java,43,0,1,1,0,1,1,149,149,0,0,17,0
HiveSortLimit.java,10,0,1,5,0,1,5,13,13,0,107,1,0
HiveExcept.java,43,0,1,1,0,1,1,149,149,0,0,17,0
HiveExtractDate.java,50,0,1,1,0,1,1,188,188,0,0,0,1
HiveTableScan.java,0,0,1,16,0,1,16,3,3,0,39,0,1
HiveTableFunctionScan.java,77,0,1,1,0,1,1,149,149,0,0,33,0
HiveMultiJoin.java,0,0,1,5,0,1,5,1509,1509,0,128,2,0
HiveJoin.java,0,11,2,19,0,2,19,761,13,4,39,4,0
HiveProject.java,10,0,1,10,0,1,10,13,13,0,78,1,0
HiveAggregate.java,11,0,2,11,0,2,11,188,188,94,65,0,1
HiveFilter.java,76,0,2,7,0,2,7,13,13,37,123,7,1
HiveRelMdCost.java,8,0,1,4,0,1,4,188,188,0,180,0,1
HiveDefaultCostModel.java,1,0,1,7,0,1,7,188,188,0,90,0,1
HiveRelMdPredicates.java,527,0,3,8,0,3,8,188,188,45,41,2,0
HiveRelMdDistinctRowCount.java,1,0,1,11,0,1,11,1509,1509,0,87,0,1
HiveRelMdSelectivity.java,13,0,2,14,0,2,14,848,188,51,67,2,1
HiveRelMdDistribution.java,6,0,1,6,0,1,6,188,188,0,113,0,1
HiveRelMdSize.java,26,0,2,9,0,2,9,848,188,51,77,0,2
HiveRelMdUniqueKeys.java,56,0,1,10,0,1,10,188,188,0,83,16,0
HiveRelMdCollation.java,8,0,1,6,0,1,6,188,188,0,113,0,1
TypeConverter.java,35,0,2,20,0,2,20,202,188,121,49,0,2
SqlFunctionConverter.java,68,0,6,45,0,6,45,515,149,37,22,10,2
ExprNodeConverter.java,36,0,1,29,0,1,29,188,188,0,28,8,0
ASTBuilder.java,43,0,4,30,1,4,30,376,188,64,33,3,3
ASTConverter.java,95,0,6,43,0,6,43,117,13,44,22,15,2
RexNodeConverter.java,136,0,5,42,0,5,42,139,13,30,23,28,1
PlanModifierForASTConv.java,13,0,3,22,0,3,22,188,188,102,39,0,2
JoinCondTypeCheckProcFactory.java,0,110,1,9,0,1,9,188,188,0,101,9,0
HiveOpConverter.java,20,0,3,46,0,3,46,761,13,45,14,7,0
HiveSqlMinMaxAggFunction.java,0,0,1,2,0,1,2,188,188,0,329,0,1
HiveSqlSumAggFunction.java,0,0,1,5,0,1,5,188,188,0,82,0,1
HiveSqlCountAggFunction.java,0,0,1,4,0,1,4,188,188,0,109,0,1
TaskSpecBuilder.java,0,7,1,5,0,1,5,563,563,0,26,0,1
QTestDruidSerDe2.java,92,0,1,1,0,1,1,188,188,0,0,30,0
QTestDruidStorageHandler.java,34,0,1,1,0,1,1,188,188,0,0,21,0
DruidStorageHandlerTest.java,224,0,3,3,0,3,3,9,9,160,160,20,1
TestDerbyConnector.java,126,0,2,2,0,2,2,9,9,320,320,17,0
QTestDruidStorageHandler2.java,34,0,1,1,0,1,1,188,188,0,0,21,0
TestHiveDruidQueryBasedInputFormat.java,295,0,4,4,0,4,4,98,9,60,60,23,2
QTestDruidSerDe.java,90,0,2,2,0,2,2,98,9,125,125,28,1
TestDruidSerDe.java,745,0,6,6,0,6,6,98,9,35,35,92,3
DruidRecordWriterTest.java,239,0,3,3,0,3,3,98,9,160,160,17,1
DruidStorageHandler.java,602,0,6,6,0,6,6,98,9,89,89,45,1
DruidStorageHandlerUtils.java,470,0,4,4,0,4,4,98,9,60,60,126,1
DruidGroupByQueryRecordReader.java,214,0,4,4,1,4,4,98,9,41,41,37,2
DruidSelectQueryRecordReader.java,107,0,5,5,1,5,5,98,9,31,31,22,4
DruidTopNQueryRecordReader.java,110,0,4,4,1,4,4,98,9,41,41,22,3
DruidTimeseriesQueryRecordReader.java,96,0,3,3,0,3,3,98,9,62,62,22,2
DruidSerDeUtils.java,85,0,2,2,0,2,2,98,9,125,125,34,1
DruidQueryRecordReader.java,164,0,4,4,0,4,4,98,9,53,53,39,2
DruidSerDe.java,533,0,9,9,0,9,9,98,9,24,24,78,5
DruidWritable.java,81,0,1,1,0,1,1,188,188,0,0,20,0
DruidQueryBasedInputFormat.java,432,0,4,4,0,4,4,98,9,19,19,6,1
DruidRecordWriter.java,289,0,3,3,0,3,3,53,9,108,108,25,1
HiveDruidSplit.java,84,0,2,2,0,2,2,98,9,125,125,21,1
DruidOutputFormat.java,204,0,4,4,0,4,4,68,6,43,43,20,2
TestValidReadTxnList.java,0,0,1,2,0,1,2,146,146,0,550,0,0
TestLogUtils.java,34,0,3,3,0,3,3,56,56,13,13,0,0
TestHiveDecimalOrcSerializationUtils.java,378,0,2,2,0,2,2,82,67,145,145,67,1
HiveDecimalTestBase.java,558,0,2,2,0,2,2,67,67,0,0,46,0
MetricsTestUtils.java,0,0,1,5,0,1,5,187,187,0,62,0,1
TestShutdownHookManager.java,0,35,1,3,0,1,3,246,246,0,640,0,1
TestDateParser.java,17,0,1,2,0,1,2,188,188,0,16,0,0
TestACLConfigurationParser.java,99,0,1,1,0,1,1,141,141,0,0,17,0
FileUtils.java,45,0,4,58,1,4,58,88,19,47,48,11,1
ValidCompactorTxnList.java,0,33,2,6,0,2,6,146,146,21,110,0,0
JvmPauseMonitor.java,1,0,1,5,0,1,5,9,9,0,140,0,1
UgiFactory.java,0,0,1,17,0,1,17,563,563,0,73,12,0
ValidReadTxnList.java,30,0,1,3,0,1,3,146,146,0,274,0,0
StatsSetupConst.java,2,0,1,22,0,1,22,149,149,0,103,0,1
LogUtils.java,22,0,3,10,0,3,10,56,56,13,210,0,0
ValidTxnList.java,7,0,1,4,0,1,4,146,146,0,285,0,0
HiveConf.java,362,0,77,951,3,77,951,163,2,4,3,3,56
HiveConfUtil.java,87,0,4,5,0,4,5,101,56,33,201,0,0
PerfLogger.java,3,0,2,28,0,2,28,100,52,32,67,0,0
RetrySemantics.java,55,0,2,2,0,2,2,122,97,176,176,24,0
ProgressMonitor.java,69,0,2,2,0,2,2,50,4,196,196,16,1
InPlaceUpdate.java,220,0,2,2,0,2,2,50,4,196,196,62,0
HttpServer.java,22,0,4,12,0,4,12,75,2,43,33,0,2
DateParser.java,17,0,1,2,0,1,2,188,188,0,16,0,0
Ref.java,32,0,1,1,0,1,1,563,563,0,0,18,0
ACLConfigurationParser.java,167,0,1,1,0,1,1,141,141,0,0,20,0
ShutdownHookManager.java,0,129,1,5,0,1,5,246,246,0,320,37,0
HiveStringUtils.java,22,0,3,11,0,3,11,794,79,84,136,8,1
HCatCli.java,0,0,2,69,0,2,69,149,149,8,18,0,0
FileOutputCommitterContainer.java,2,0,2,67,0,2,67,76,2,17,18,0,1
SpecialCases.java,0,0,1,10,0,1,10,97,97,0,131,0,1
HCatUtil.java,0,5,1,78,0,1,78,2,2,0,16,3,0
HCatConstants.java,15,0,2,73,0,2,73,48,2,124,19,3,1
HiveClientCache.java,116,0,2,35,0,2,35,124,2,34,37,57,1
TestPermsGrp.java,2,0,2,74,0,2,74,149,149,8,17,0,0
TestSemanticAnalysis.java,3,0,1,71,0,1,71,149,149,0,17,0,0
TestHCatNonPartitioned.java,17,0,1,66,0,1,66,149,149,0,19,0,0
TestPassProperties.java,3,0,1,41,0,1,41,149,149,0,30,0,0
HCatMapReduceTest.java,0,0,1,75,0,1,75,149,149,0,16,0,0
TestHCatDynamicPartitioned.java,20,0,1,59,0,1,59,149,149,0,21,0,0
HCatBaseTest.java,4,0,2,31,0,2,31,149,149,3,40,0,0
TestHiveClientCache.java,2,0,1,26,0,1,26,2,2,0,49,0,1
DropFunctionMessage.java,38,0,3,3,0,3,3,129,95,14,14,39,1
DropTableMessage.java,0,3,1,22,0,1,22,95,95,0,64,22,0
DropPartitionMessage.java,2,0,2,23,0,2,23,129,95,31,63,18,1
CreateTableMessage.java,8,0,3,24,0,3,24,103,52,20,61,29,0
CreateFunctionMessage.java,46,0,3,3,0,3,3,129,95,14,14,39,1
InsertMessage.java,0,0,3,6,0,3,6,74,52,20,145,43,0
CreateDatabaseMessage.java,0,3,1,22,0,1,22,95,95,0,64,18,0
AddPartitionMessage.java,12,0,3,24,0,3,24,103,52,20,61,31,1
CreateIndexMessage.java,46,0,3,3,0,3,3,129,95,14,14,39,1
MessageDeserializer.java,35,0,2,25,0,2,25,95,95,0,56,88,0
AlterIndexMessage.java,33,0,3,3,0,3,3,129,95,14,14,39,1
AlterTableMessage.java,17,0,2,3,0,2,3,129,95,21,360,18,1
DropIndexMessage.java,46,0,3,3,0,3,3,129,95,14,14,41,0
MessageFactory.java,63,0,6,37,0,6,37,103,52,12,39,195,1
HCatEventMessage.java,4,0,1,24,0,1,24,95,95,0,59,0,1
AlterPartitionMessage.java,22,0,2,4,0,2,4,129,95,21,239,18,1
DropDatabaseMessage.java,0,3,1,22,0,1,22,95,95,0,64,18,0
DbNotificationListener.java,250,0,9,19,0,9,19,93,52,23,42,26,4
JSONDropIndexMessage.java,91,0,3,3,0,3,3,129,95,14,14,48,1
JSONDropDatabaseMessage.java,0,0,1,22,0,1,22,95,95,0,64,24,0
JSONCreateFunctionMessage.java,86,0,3,3,0,3,3,129,95,14,14,48,1
JSONDropTableMessage.java,10,0,1,22,0,1,22,95,95,0,64,24,0
JSONMessageFactory.java,152,0,10,42,0,10,42,103,52,6,34,65,6
JSONMessageDeserializer.java,54,0,2,25,0,2,25,95,95,0,56,21,1
JSONAlterTableMessage.java,18,0,2,4,0,2,4,129,95,21,239,24,1
JSONDropFunctionMessage.java,79,0,3,3,0,3,3,129,95,14,14,48,1
JSONCreateDatabaseMessage.java,0,0,1,22,0,1,22,95,95,0,64,24,0
JSONAlterIndexMessage.java,98,0,3,3,0,3,3,129,95,14,14,48,1
JSONAlterPartitionMessage.java,33,0,2,4,0,2,4,129,95,21,239,24,1
JSONCreateIndexMessage.java,87,0,3,3,0,3,3,129,95,14,14,48,1
JSONDropPartitionMessage.java,33,0,2,23,0,2,23,129,95,31,63,24,1
JSONInsertMessage.java,12,0,4,7,0,4,7,74,52,13,120,30,0
JSONAddPartitionMessage.java,80,0,3,25,0,3,25,103,52,20,58,28,1
JSONCreateTableMessage.java,44,0,3,24,0,3,24,103,52,20,61,24,2
TestNotificationListener.java,3,0,1,57,0,1,57,149,149,0,22,0,0
TestMsgBusConnection.java,3,0,2,56,0,2,56,69,69,4,22,0,2
TestCommands.java,2,0,1,4,0,1,4,149,149,0,151,0,0
AppConfig.java,0,24,4,45,0,4,45,101,56,33,29,0,0
Server.java,0,0,1,44,0,1,44,188,188,0,31,8,0
ZooKeeperCleanup.java,0,4,1,18,0,1,18,188,188,0,79,4,0
TempletonUtils.java,2,0,3,34,0,3,34,56,56,13,39,0,0
TempletonStorage.java,0,0,1,17,0,1,17,188,188,0,84,2,0
TestStreaming.java,14,0,4,23,0,4,23,131,97,108,52,0,1
TestWarehousePartitionHelper.java,0,0,1,3,0,1,3,52,52,0,270,0,1
StrictJsonWriter.java,12,0,1,6,0,1,6,146,146,0,164,0,0
DelimitedInputWriter.java,27,0,1,9,0,1,9,146,146,0,102,0,0
AbstractRecordWriter.java,27,0,1,11,0,1,11,146,146,0,82,0,0
HiveEndPoint.java,10,0,2,19,0,2,19,120,95,11,45,0,0
StreamingConnection.java,6,0,1,2,0,1,2,146,146,0,821,0,0
HCatLoader.java,34,0,1,74,0,1,74,52,52,0,16,0,0
TestHCatLoaderComplexSchema.java,3,0,1,48,0,1,48,149,149,0,26,0,0
TestE2EScenarios.java,3,0,1,8,0,1,8,149,149,0,155,0,0
TestHCatLoader.java,39,0,2,85,0,2,85,100,52,1,14,0,0
TestHCatStorerMulti.java,3,0,1,72,0,1,72,149,149,0,17,0,0
TestHCatLoaderEncryption.java,3,0,1,9,0,1,9,149,149,0,59,0,0
Hadoop23Shims.java,133,0,10,134,0,10,134,196,2,17,13,9,5
ShimLoader.java,8,0,1,23,0,1,23,563,563,0,117,0,1
HadoopThriftAuthBridge.java,21,0,1,24,0,1,24,56,56,0,87,0,0
TokenStoreDelegationTokenSecretManager.java,8,0,1,12,0,1,12,79,79,0,164,2,0
TestHBaseMinimrCliDriver.java,62,0,1,1,0,1,1,141,141,0,0,17,0
TestContribNegativeCliDriver.java,62,0,1,1,0,1,1,141,141,0,0,17,0
TestEncryptedHDFSCliDriver.java,62,0,1,1,0,1,1,141,141,0,0,17,0
ContribNegativeCliDriver.java,62,0,1,1,0,1,1,141,141,0,0,17,0
TestHBaseNegativeCliDriver.java,62,0,1,1,0,1,1,141,141,0,0,17,0
TestNegativeCliDriver.java,62,0,1,1,0,1,1,141,141,0,0,17,0
TestMinimrCliDriver.java,62,0,1,1,0,1,1,141,141,0,0,17,0
TestContribCliDriver.java,62,0,1,1,0,1,1,141,141,0,0,17,0
TestHBaseCliDriver.java,62,0,1,1,0,1,1,141,141,0,0,17,0
TestCliDriver.java,62,0,1,1,0,1,1,141,141,0,0,17,0
TestPerfCliDriver.java,62,0,1,1,0,1,1,141,141,0,0,17,0
DummyCliDriver.java,62,0,1,1,0,1,1,141,141,0,0,17,0
DisabledTestBeeLineDriver.java,62,0,1,1,0,1,1,141,141,0,0,17,0
TestMiniTezCliDriver.java,62,0,1,1,0,1,1,141,141,0,0,17,0
TestMiniLlapCliDriver.java,62,0,1,1,0,1,1,141,141,0,0,17,0
TestCompareCliDriver.java,62,0,1,1,0,1,1,141,141,0,0,17,0
TestNegativeMinimrCliDriver.java,62,0,1,1,0,1,1,141,141,0,0,17,0
TestParseNegativeDriver.java,62,0,1,1,0,1,1,141,141,0,0,17,0
TestSequenceFileReadWrite.java,3,0,1,49,0,1,49,149,149,0,25,0,0
TestHCatClientNotification.java,32,0,3,6,0,3,6,129,95,15,144,5,0
TestPigHBaseStorageHandler.java,3,0,1,6,0,1,6,149,149,0,208,0,0
TestDbNotificationListener.java,700,0,8,20,0,8,20,111,52,52,48,157,1
DummyRawStoreFailEvent.java,903,0,2,2,0,2,2,95,95,0,0,28,1
ElapsedTimeLoggingWrapper.java,43,0,1,1,1,1,1,141,141,0,0,17,0
QTestUtil.java,185,0,13,249,1,13,249,239,97,32,13,28,5
CoreHBaseNegativeCliDriver.java,121,0,1,1,0,1,1,141,141,0,0,2,0
CoreCliDriver.java,195,0,4,4,1,4,4,141,141,27,27,0,4
CoreCompareCliDriver.java,158,0,1,1,0,1,1,141,141,0,0,0,1
CorePerfCliDriver.java,138,0,1,1,0,1,1,141,141,0,0,22,0
CoreDummy.java,57,0,1,1,0,1,1,141,141,0,0,17,0
AbstractCliConfig.java,438,0,3,3,0,3,3,141,141,23,23,28,2
CoreBeeLineDriver.java,171,0,1,1,0,1,1,141,141,0,0,8,0
CoreHBaseCliDriver.java,137,0,1,1,0,1,1,141,141,0,0,1,0
CoreNegativeCliDriver.java,139,0,1,1,0,1,1,141,141,0,0,0,1
CliConfigs.java,511,0,5,5,0,5,5,194,141,26,26,24,4
CliAdapter.java,107,0,1,1,0,1,1,141,141,0,0,24,0
CoreParseNegative.java,132,0,1,1,0,1,1,141,141,0,0,0,1
SQLStdHiveAuthorizationValidatorForTest.java,3,0,1,9,0,1,9,45,45,0,119,1,0
MiniHS2.java,7,0,4,28,0,4,28,80,3,53,44,2,1
AbstractHiveService.java,0,0,1,5,0,1,5,95,95,0,236,0,0
TestAcidOnTez.java,256,0,1,1,0,1,1,45,45,0,0,0,0
TestReplicationScenarios.java,1009,0,12,12,0,12,12,103,52,5,5,134,3
TestHadoopFileStatus.java,92,0,1,1,0,1,1,2,2,0,0,21,0
TestSetUGIOnOnlyServer.java,0,0,1,4,0,1,4,6,6,0,553,0,0
TestMetaStoreEventListener.java,0,1,1,26,0,1,26,95,95,0,81,0,1
TestRemoteHiveMetaStore.java,2,0,1,13,0,1,13,6,6,0,179,0,0
TestHiveMetaStore.java,56,0,3,79,1,3,79,190,2,4,36,0,1
TestHiveMetaStoreTxns.java,0,0,1,11,0,1,11,146,146,0,88,0,0
TestHiveMetaStoreStatsMerge.java,0,0,1,2,0,1,2,97,97,0,433,0,1
TestSetUGIOnOnlyClient.java,0,0,1,4,0,1,4,6,6,0,553,0,0
TestReplChangeManager.java,328,0,2,2,0,2,2,52,52,14,14,37,0
TestMetaStoreMetrics.java,27,0,3,10,0,3,10,144,97,182,86,0,2
TestMetastoreVersion.java,25,0,2,17,0,2,17,342,342,7,64,0,0
FakeDerby.java,424,0,1,1,0,1,1,163,163,0,0,0,0
TestObjectStoreInitRetry.java,127,0,1,1,0,1,1,163,163,0,0,0,0
TestPartitionNameWhitelistValidation.java,0,23,1,4,0,1,4,342,342,0,436,0,1
TestHiveMetaStoreWithEnvironmentContext.java,0,0,1,8,0,1,8,97,97,0,231,0,1
TestLlapInputSplit.java,0,14,2,8,0,2,8,563,563,1,15,0,2
TestMetastoreAuthorizationProvider.java,19,0,1,13,0,1,13,52,52,0,94,0,1
TestStorageBasedMetastoreAuthorizationProvider.java,6,0,1,7,0,1,7,52,52,0,190,0,1
TestHiveAuthorizerCheckInvocation.java,0,0,1,16,0,1,16,146,146,0,58,0,1
TestCompactor.java,5,0,2,22,0,2,22,122,97,354,49,0,1
TestHBaseImport.java,25,0,1,10,0,1,10,52,52,0,54,0,0
TestJdbcWithMiniLlap.java,41,0,2,8,0,2,8,215,215,62,27,3,1
TestJdbcDriver2.java,179,0,6,94,0,6,94,168,6,41,15,19,3
TestJdbcWithMiniHS2.java,207,0,6,30,0,6,30,105,79,89,46,6,1
TestSSL.java,1,0,1,10,0,1,10,97,97,0,150,0,1
TestBeeLineWithArgs.java,105,0,6,38,0,6,38,101,3,78,42,35,1
TestHS2ClearDanglingScratchDir.java,82,0,1,1,0,1,1,52,52,0,0,20,0
TestHiveSessionImpl.java,0,0,1,9,0,1,9,563,563,0,59,0,0
TestQueryDisplay.java,0,0,1,5,0,1,5,246,246,0,67,0,1
TestOperationLoggingAPIWithTez.java,0,3,3,9,0,3,9,35,3,97,103,1,2
OperationLoggingAPITestBase.java,4,0,1,3,0,1,3,97,97,0,412,3,0
TestOperationLoggingAPIWithMr.java,0,0,1,5,0,1,5,4,4,0,157,0,1
TestOperationLoggingLayout.java,0,0,1,4,0,1,4,69,69,0,125,0,1
TestMiniHS2StateWithNoZookeeper.java,82,0,1,1,0,1,1,95,95,0,0,0,0
TestJdbcWithMiniKdc.java,1,0,1,8,0,1,8,95,95,0,115,0,0
TestJdbcWithMiniKdcCookie.java,0,1,1,3,0,1,3,9,9,0,325,0,1
TestJdbcNonKrbSASLWithMiniKdc.java,45,0,1,2,0,1,2,56,56,0,78,0,0
TestHadoopAuthBridge23.java,2,0,1,8,0,1,8,6,6,0,45,0,1
TestStorageBasedMetastoreAuthorizationProviderWithACL.java,6,0,1,7,0,1,7,52,52,0,138,0,1
VectorizedLogicBench.java,0,0,1,3,0,1,3,67,67,0,214,0,1
TestSparkNegativeCliDriver.java,63,0,3,3,0,3,3,119,97,124,124,19,1
TestMiniSparkOnYarnCliDriver.java,62,0,3,3,0,3,3,119,97,124,124,19,1
TestSparkCliDriver.java,62,0,3,3,0,3,3,119,97,124,124,19,1
HbaseMetastoreProto.java,1973,0,1,9,0,1,9,52,52,0,59,0,0
GetAllFunctionsResponse.java,0,0,1,13,0,1,13,95,95,0,42,0,1
NotificationEvent.java,106,0,1,11,0,1,11,163,163,0,76,1,0
ShowCompactResponseElement.java,99,0,1,13,0,1,13,146,146,0,83,1,0
ClearFileMetadataRequest.java,0,0,1,11,0,1,11,95,95,0,48,0,1
PutFileMetadataRequest.java,0,0,1,13,0,1,13,95,95,0,40,0,1
FireEventRequest.java,0,0,1,18,0,1,18,95,95,0,40,0,1
LockComponent.java,101,0,1,12,0,1,12,146,146,0,91,1,0
CompactionResponse.java,583,0,1,1,0,1,1,146,146,0,0,28,0
GetFileMetadataResult.java,0,0,1,11,0,1,11,95,95,0,48,0,1
GetFileMetadataByExprResult.java,0,0,1,11,0,1,11,95,95,0,48,0,1
GetOpenTxnsResponse.java,103,0,1,21,0,1,21,146,146,0,44,0,0
TxnInfo.java,198,0,1,12,0,1,12,45,45,0,91,2,0
GetFileMetadataByExprRequest.java,0,0,1,13,0,1,13,95,95,0,40,0,1
InsertEventRequestData.java,159,0,2,18,0,2,18,95,95,20,41,1,1
GetFileMetadataRequest.java,0,0,1,11,0,1,11,95,95,0,48,0,1
ThriftHiveMetastore.java,858,0,2,101,0,2,101,120,95,17,30,42,1
TestRetriesInRetryingHMSHandler.java,109,0,1,1,0,1,1,9,9,0,0,29,0
TestObjectStore.java,10,0,2,10,0,2,10,74,52,389,82,0,1
TestMetaStoreSchemaInfo.java,49,0,1,1,0,1,1,342,342,0,0,0,0
DummyListener.java,12,0,1,9,0,1,9,95,95,0,255,0,1
TestValidCompactorTxnList.java,9,0,2,3,0,2,3,146,146,21,274,0,0
TestTxnUtils.java,38,0,2,4,0,2,4,96,45,83,82,9,0
TestTxnHandlerNegative.java,5,0,1,5,0,1,5,246,246,0,166,0,1
TestHBaseStore.java,127,0,1,15,0,1,15,52,52,0,36,0,0
HiveAlterHandler.java,123,0,2,54,0,2,54,76,56,42,50,1,1
HiveMetaStoreClient.java,41,0,7,157,0,7,157,41,3,80,21,0,5
IExtrapolatePartStatus.java,0,0,1,5,0,1,5,149,149,0,193,0,1
ObjectStore.java,105,0,7,199,0,7,199,229,19,39,15,0,2
MetaStoreEventListener.java,16,0,1,9,0,1,9,95,95,0,255,8,0
MetaStoreDirectSql.java,1,0,3,62,0,3,62,310,56,101,20,0,1
RetryingMetaStoreClient.java,19,0,4,21,0,4,21,163,2,63,76,0,4
HiveMetaStore.java,231,0,15,316,0,15,316,131,6,14,9,32,5
DefaultHiveMetaHook.java,51,0,1,1,0,1,1,9,9,0,0,0,1
Warehouse.java,2,0,3,62,0,3,62,36,19,92,50,0,3
LockComponentBuilder.java,4,0,1,3,0,1,3,146,146,0,500,0,1
ReplChangeManager.java,274,0,2,2,0,2,2,52,52,14,14,119,0
AlterHandler.java,88,0,1,8,0,1,8,95,95,0,386,74,0
IMetaStoreClient.java,18,0,5,106,0,5,106,52,2,111,31,13,2
RetryingHMSHandler.java,8,0,2,19,0,2,19,6,2,208,88,2,0
MetaStoreUtils.java,27,0,1,111,0,1,111,163,163,0,26,0,0
StatObjectConverter.java,29,0,1,18,0,1,18,149,149,0,57,2,0
EventMessage.java,106,0,1,1,0,1,1,95,95,0,0,45,0
PartitionFiles.java,50,0,1,1,0,1,1,52,52,0,0,18,0
EventUtils.java,266,0,3,3,0,3,3,129,95,30,30,51,2
NoReconnect.java,29,0,1,1,0,1,1,2,2,0,0,18,0
TxnUtils.java,17,0,3,10,0,3,10,96,45,68,33,2,0
CompactionTxnHandler.java,63,0,4,32,0,4,32,96,45,21,34,4,3
TxnHandler.java,362,0,18,86,1,18,86,149,45,12,12,128,4
CompactionInfo.java,1,0,1,9,0,1,9,146,146,0,107,0,0
TxnStore.java,44,0,4,10,0,4,10,146,146,18,40,9,1
TxnDbUtil.java,5,0,1,17,0,1,17,95,95,0,52,0,0
HBaseStore.java,96,0,2,47,0,2,47,308,52,2,11,0,0
HBaseImport.java,65,0,1,7,0,1,7,52,52,0,81,0,0
HBaseUtils.java,93,0,1,23,0,1,23,52,52,0,23,0,0
HBaseReadWrite.java,116,0,1,78,0,1,78,52,52,0,15,0,0
CreateFunctionEvent.java,39,0,1,1,0,1,1,95,95,0,0,20,0
DropFunctionEvent.java,39,0,1,1,0,1,1,95,95,0,0,20,0
InsertEvent.java,17,0,1,4,0,1,4,95,95,0,230,7,0
MNotificationLog.java,9,0,1,2,0,1,2,163,163,0,767,0,1
VersionTestBase.java,322,0,1,1,0,1,1,67,67,0,0,31,0
TestStructColumnVector.java,36,0,1,2,0,1,2,97,97,0,511,0,1
TestBytesColumnVector.java,90,0,1,1,0,1,1,215,215,0,0,26,0
TestHiveDecimal.java,3188,0,2,15,0,2,15,67,67,0,83,292,0
TestHiveDecimalVersion.java,67,0,1,1,0,1,1,67,67,0,0,23,0
TestHiveDecimalWritableVersion.java,71,0,1,1,0,1,1,67,67,0,0,23,0
TestHiveDecimalWritable.java,0,198,2,7,0,2,7,67,67,0,175,47,0
TestBloomFilter.java,131,0,3,7,0,3,7,119,45,81,121,10,1
Pool.java,4,0,1,5,0,1,5,97,97,0,205,8,0
DiskRangeInfo.java,0,1,1,5,0,1,5,97,97,0,105,0,1
JavaDataModel.java,0,2,1,10,0,1,10,97,97,0,125,1,0
LiteralDelegate.java,31,0,1,1,0,1,1,2,2,0,0,20,0
SearchArgumentFactory.java,7,0,1,9,0,1,9,2,2,0,108,0,1
SearchArgumentImpl.java,33,0,2,30,1,2,30,50,2,119,47,1,1
DecimalColumnVector.java,2,0,2,20,0,2,20,315,67,32,59,0,2
BytesColumnVector.java,97,0,4,26,0,4,26,236,67,50,55,33,2
ColumnVector.java,12,0,2,18,0,2,18,330,97,51,81,6,0
MultiValuedColumnVector.java,4,0,1,3,0,1,3,563,563,0,281,0,1
VectorizedRowBatch.java,4,0,1,15,0,1,15,563,563,0,98,0,1
LongColumnVector.java,6,0,1,14,0,1,14,563,563,0,106,0,1
TimestampColumnVector.java,27,0,3,9,0,3,9,330,97,115,45,2,1
DoubleColumnVector.java,6,0,1,14,0,1,14,563,563,0,106,0,1
UnionColumnVector.java,5,0,1,6,0,1,6,563,563,0,112,0,1
StructColumnVector.java,5,0,1,3,0,1,3,563,563,0,282,0,1
IntervalDayTimeColumnVector.java,27,0,2,3,0,2,3,563,563,231,158,0,1
RandomTypeUtil.java,0,23,1,4,0,1,4,67,67,0,110,2,0
HiveDecimalV1.java,386,0,1,1,0,1,1,67,67,0,0,63,0
HiveDecimal.java,1173,0,2,24,0,2,24,82,67,19,59,794,0
FastHiveDecimal.java,741,0,2,2,0,2,2,82,67,19,19,48,1
FastHiveDecimalImpl.java,9388,0,2,2,0,2,2,82,67,19,19,1834,0
HiveDecimalVersionV2.java,33,0,1,1,0,1,1,67,67,0,0,21,0
HiveDecimalVersionV1.java,33,0,1,1,0,1,1,67,67,0,0,21,0
DiskRangeList.java,15,0,3,13,0,3,13,330,97,16,58,19,2
Allocator.java,10,0,1,10,0,1,10,97,97,0,79,13,0
DataCache.java,3,0,1,4,0,1,4,97,97,0,169,7,0
MemoryBuffer.java,4,0,1,3,0,1,3,97,97,0,254,6,0
EncodedColumnBatch.java,26,0,3,13,0,3,13,563,563,34,61,6,2
HiveDecimalWritableV1.java,191,0,1,1,0,1,1,67,67,0,0,35,0
HiveDecimalWritableVersionV2.java,33,0,1,1,0,1,1,67,67,0,0,21,0
HiveDecimalWritableVersionV1.java,33,0,1,1,0,1,1,67,67,0,0,21,0
HiveDecimalWritable.java,841,0,2,14,0,2,14,82,67,40,108,208,0
BloomFilter.java,91,0,3,10,0,3,10,105,2,122,80,34,1
LlapBaseInputFormat.java,0,3,11,19,1,11,19,291,141,17,12,14,6
LlapRowInputFormat.java,0,0,1,5,0,1,5,215,215,0,15,0,1
TJobExecutionStatus.java,48,0,1,1,0,1,1,4,4,0,0,13,0
TGetOperationStatusResp.java,207,0,2,18,0,2,18,42,4,254,82,2,0
TProtocolVersion.java,6,0,2,18,0,2,18,50,4,214,84,0,1
TOpenSessionResp.java,0,0,2,22,0,2,22,50,4,189,68,0,1
TProgressUpdateResp.java,1033,0,1,1,0,1,1,4,4,0,0,43,0
TOpenSessionReq.java,0,0,2,21,0,2,21,50,4,189,71,0,1
TGetOperationStatusReq.java,107,0,1,13,0,1,13,4,4,0,116,2,0
SparkClientImpl.java,1,0,3,49,0,3,49,31,6,100,17,0,1
TestSparkClient.java,43,0,1,13,0,1,13,563,563,0,56,0,1
LlapDaemonProtocolProtos.java,1317,0,4,21,0,4,21,352,141,60,33,1115,0
TestConverters.java,15,0,2,5,0,2,5,352,141,11,21,0,2
NotTezEventHelper.java,71,0,1,1,0,1,1,563,563,0,0,20,0
LlapUtil.java,182,0,8,10,0,8,10,249,45,21,28,18,1
DaemonId.java,7,0,1,3,0,1,3,563,563,0,108,1,0
LlapTaskUmbilicalProtocol.java,0,0,1,6,0,1,6,563,563,0,122,0,1
LlapProtocolClientImpl.java,24,0,1,2,0,1,2,563,563,0,189,2,0
LlapTokenIdentifier.java,1,0,1,8,0,1,8,563,563,0,58,0,1
SigningSecretManager.java,3,0,2,3,0,2,3,563,563,95,52,0,1
LlapSigner.java,2,0,1,2,0,1,2,563,563,0,8,0,1
LlapTokenLocalClient.java,0,29,1,3,0,1,3,563,563,0,10,17,0
SecretManager.java,45,0,6,14,0,6,14,563,563,49,33,3,1
LlapSignerImpl.java,13,0,1,2,0,1,2,563,563,0,8,0,1
LlapIOCounters.java,20,0,1,2,0,1,2,246,246,0,124,1,0
Converters.java,5,0,3,10,0,3,10,352,141,6,52,1,2
LogHelpers.java,33,0,1,1,0,1,1,141,141,0,0,18,0
